M738_3	116292216	165296	0.00142138490163435	0.19334	0
SRR5512448	116292216	223038	0.00191790996570226	0.276092	0
DIV_106	116292216	266340	0.00229026506812803	0.280503	0
M733_7	116292216	271702	0.00233637305526967	0.129258	0
SA-0300	116292216	272589	0.00234400039294117	0.281698	0
SRR5512442	116292216	278735	0.00239685001788942	0.282207	0
SA-3748	116292216	341990	0.00294078152229896	0.661184	0
SRR5512449	116292216	356029	0.00306150327378747	0.661665	0
SA-0892	116292216	358266	0.00308073929900863	0.426012	0
SRR5512453	116292216	359719	0.00309323368642317	0.662715	0
SA-3338	116292216	365019	0.0031388085338403	0.422414	0
SRR5512450	116292216	365285	0.00314109587523898	0.659915	0
SA-0311	116292216	365554	0.00314340901372109	0.425326	0
SA_3284	116292216	368265	0.00316672097812634	0.427324	0
NC12-769	116292216	375399	0.00322806644255536	0.662671	0
DIV_144	116292216	376177	0.00323475648619509	0.631174	0
TM1	116292216	379110	0.00325997743477517	0.198988	0
DIV_066	116292216	383280	0.00329583538076186	0.645307	0
SRR5512447	116292216	389850	0.00335233099350347	0.668096	0
DIV_079	116292216	390086	0.0033543603640677	0.641979	0
SA-2149	116292216	392291	0.00337332122039879	0.720785	0
SA-2269	116292216	392818	0.00337785290805706	0.527414	2.92278e-05
SRR5512451	116292216	399285	0.00343346282093378	0.668839	0
SA-3749	116292216	402864	0.00346423874148206	0.667921	0
SA-3348	116292216	408259	0.00351063049654157	0.426902	0
SA-1465	116292216	408837	0.00351560073461839	0.66044	0
M737-10	116292216	420855	0.00361894385089368	0.463507	0
DIV-138	116292216	422343	0.00363173920428174	0.530972	0
M835	116292216	423272	0.00363972770112146	0.424367	0
DIV_195	116292216	428013	0.00368049569199025	0.643204	0
DIV_141	116292216	431474	0.00371025692725642	0.658778	0
SA-1428	116292216	439660	0.00378064856894635	0.844127	0
DIV_176	116292216	440083	0.00378428595771191	0.654184	0
SA-3444	116292216	445738	0.0038329134600032	0.672645	0
SRR5512445	116292216	446002	0.00383518360334625	0.658515	0
SRR5512443	116292216	448063	0.00385290619967204	0.653003	0
SA-3403	116292216	452788	0.0038935366060958	0.674964	0
SA_3360	116292216	453215	0.00389720839097262	0.653484	0
Div-307	116292216	456358	0.00392423513539376	0.669714	0
DIV_269	116292216	459432	0.00395066854689569	0.653922	0
SAMN04998804	116292216	460351	0.00395857105345727	0.183406	0
SA-1403	116292216	461211	0.00396596621737778	0.655366	0
SA-3778	116292216	462531	0.00397731693409299	0.660878	0
SA-1184	116292216	476179	0.00409467646570601	0.658865	0
SA-1427	116292216	482119	0.00414575469092446	0.848679	0
DIV_074	116292216	483597	0.00415846405403436	0.665646	0
DIV_184	116292216	484478	0.00416603979753899	0.333488	0
SA-1212	116292216	490772	0.00422016207860378	0.665165	0
DIV_232	116292216	491623	0.00422747985127397	0.42262	0
SA-1596	116292216	497017	0.00427386300730566	0.649241	0
DIV_042	116292216	498623	0.00428767304597584	0.655803	0
Div-382	116292216	500206	0.00430128530700627	0.662277	0
DIV_178	116292216	502856	0.00432407273071484	0.512317	0
DIV_059	116292216	503109	0.00432624828475192	0.643204	0
DIV_263	116292216	510698	0.00439150630683656	0.665383	0
SA-1665	116292216	511008	0.00439417200545908	0.658996	0
DIV_206	116292216	517418	0.00444929177375036	0.307894	0
DIV_260	116292216	517850	0.00445300655376625	0.649635	0
SA-2401	116292216	520596	0.00447661948414501	0.666215	0
SA-0186	116292216	522026	0.00448891609391982	0.32341	0
SA-1412	116292216	522133	0.00448983618989598	0.659828	0
TX-1311	116292216	525364	0.0045176196487648	0.658953	0
SA-1156	116292216	529724	0.00455511141003625	0.666521	0
SA-1533	116292216	530452	0.00456137150228524	0.666529	0
Div243	116292216	531246	0.00456819913037	0.655373	0
SA-2589_Merge	116292216	532041	0.00457503535748257	0.457891	0
DIV_380	116292216	532848	0.00458197477292891	0.658034	0
SA-3413	116292216	533879	0.00459084037060572	0.665558	0
DIV_169	116292216	536133	0.00461022257929972	0.639967	0
NC12-770	116292216	536419	0.00461268190125468	0.656109	0
MISU001	116292216	537909	0.00462549445269836	0.650772	0
DIV_351	116292216	538438	0.00463004333841226	0.658209	0
SA-0857	116292216	538642	0.00463179754008643	0.660571	0
SA-1111	116292216	539427	0.00463854777692086	0.800176	0
M2	116292216	541517	0.00465651974505327	0.661709	0
M1	116292216	542627	0.00466606466592743	0.656197	0
DIV_256	116292216	543161	0.0046706565467804	0.659784	0
DIV_209	116292216	543207	0.00467105210205987	0.652894	0
DIV_040	116292216	554168	0.00476530604593518	0.424298	0
DIV_289	116292216	554935	0.00477190150026894	0.662759	0
DIV_048	116292216	561667	0.00482979015551651	0.634323	0
DIV_134	116292216	569353	0.00489588228329917	0.637561	0
DIV_136	116292216	571663	0.00491574603755078	0.668664	0
SA_2192	116292216	574303	0.0049384474709812	0.657553	0
SA-3777	116292216	574544	0.00494051983668451	0.667352	0
M5	116292216	585288	0.00503290779152407	0.66674	0
SA-0298	116292216	586940	0.00504711338547371	0.65659	0
SA-0881	116292216	588209	0.00505802555177038	0.662496	0
SA-1349	116292216	588292	0.00505873927107899	0.656387	0
SA-2374	116292216	588499	0.0050605192698366	0.675008	6.48172e-05
TX-0670	116292216	594345	0.00511078918644048	0.594196	3.28009e-05
DIV_316	116292216	597925	0.00514157370601658	0.647404	0
SA-0718	116292216	599017	0.00515096384439007	0.36178	0
M11	116292216	600109	0.00516035398276356	0.662409	0
DIV_255	116292216	600319	0.00516215977860461	0.666521	0
DIV_373	116292216	600606	0.00516462769958739	0.661621	0
SA-0904	116292216	603031	0.00518548034203768	0.741302	0
SA-3477	116292216	610305	0.00524802967036074	0.671989	0
SA-2260	116292216	613439	0.00527497902353155	0.666915	0
Div273	116292216	614082	0.00528050819841631	0.654666	0
M9	116292216	618143	0.00531542885037121	0.663065	0
SA-1019_Merge	116292216	618695	0.00532017551372484	0.53103	0
M7	116292216	618996	0.00532276382109702	0.661752	0
Coker315	116292216	620278	0.00533378777475528	0.309448	0
SA-3781	116292216	620349	0.00533439830573011	0.653703	0
SRR5512446	116292216	620806	0.00533832806144136	0.795987	0
DIV_347	116292216	626394	0.00538637942886908	0.669277	0
SA_3137	116292216	628174	0.00540168569837899	0.673214	0
SA-0159	116292216	632308	0.00543723407936435	0.336516	6.67356e-05
SA-0940	116292216	637361	0.00548068496691128	0.669058	0
SA_1710	116292216	638643	0.00549170892056954	0.651866	0
DIV_249	116292216	639582	0.00549978340768741	0.676145	0
M12	116292216	640530	0.0055079352860556	0.430123	0
DIV_012	116292216	642910	0.00552840097225424	0.657422	0
DIV_030	116292216	643606	0.00553438589561317	0.66289	0
SA-1181	116292216	643932	0.00553718917868071	0.669189	0
MISU003	116292216	644160	0.00553914975702243	0.422928	0
MISU002	116292216	644471	0.00554182405467276	0.425669	0
M3	116292216	644608	0.00554300212148335	0.439177	0
DIV-310	116292216	649593	0.0055858682751389	0.310794	0
DIV_096	116292216	650984	0.00559782952282894	0.662146	0
DIV_246	116292216	650989	0.00559787251796801	0.665952	0
SA_0369	116292216	652611	0.00561182014108322	0.661927	0
SA-1166	116292216	654599	0.00562891500837855	0.65799	0
SA-1913	116292216	655551	0.005637101282858	0.664246	0
TX-0180	116292216	657162	0.00565095431666725	0.651953	0
DIV-364	116292216	658242	0.00566024126670697	0.444074	0
ST474	116292216	663996	0.0057097200727519	0.683363	0
DIV_298	116292216	664941	0.00571784615403666	0.671552	0
BPS1209	116292216	665268	0.00572065803613201	0.661927	0
DIV_237	116292216	666846	0.00573422730202338	0.658646	0
SA-0165	116292216	669927	0.00576072090672002	0.650772	0
SA-1424	116292216	671488	0.00577414398913853	0.66464	0
SA-1604	116292216	678426	0.0058338040441159	0.661665	0
PSC355	116292216	679144	0.00583997814608675	0.689094	0
SG747	116292216	682153	0.00586585262078074	0.679076	0
olg2_11	116292216	685231	0.00589232042839393	0.688788	0
SA-0883	116292216	687195	0.00590920891902172	0.335579	0.000106274
SA-1044_Merge	116292216	688762	0.00592268359560712	0.677764	0
SA-3335	116292216	693526	0.00596364936411565	0.663825	0
Sealand-542	116292216	696457	0.00598885311464011	0.680213	0
SA-0084	116292216	696611	0.00599017736492355	0.651385	0
DIV_363	116292216	696707	0.00599100287159374	0.667921	0
DIV_355	116292216	697922	0.00600145069038843	0.654847	0
SA-1138	116292216	698978	0.00601053126376059	0.65659	0
SA-1759	116292216	706019	0.00607107701860286	0.665865	0
SA-2057	116292216	706620	0.00607624503431941	0.672558	0
SA-0965	116292216	707336	0.00608240193823463	0.67352	0
SA-1419	116292216	708232	0.00609010666715647	0.670283	0
DIV_296	116292216	708761	0.00609465555287037	0.678507	0
SA-1392	116292216	713170	0.00613256866650473	0.649591	0
PD1	116292216	717244	0.00616760110582122	0.690975	0
DIV_034	116292216	723836	0.00622428589717475	0.656372	0
SA-1420	116292216	725746	0.00624071004030055	0.946055	0
DIV_272	116292216	726170	0.00624435602809392	0.671814	0
SA-0333	116292216	728074	0.00626072857705283	0.66394	0
Maxxa	116292216	728844	0.00626734982847003	0.670239	0
SA-1055	116292216	729043	0.00626906103500513	0.668664	0
SA-0815	116292216	731275	0.00628825406508721	0.937617	0
MS240	116292216	732474	0.00629856429943686	0.683013	0
SA-0982	116292216	732956	0.00630270903084347	0.738626	7.27379e-05
SA-0238	116292216	733525	0.00630760187766996	0.651997	0
SA-3340	116292216	738003	0.00634610832422352	0.648672	0
SA-2356	116292216	739255	0.00635687430704734	0.562584	0
DIV_308	116292216	739267	0.00635697749538112	0.661403	0
DIV_211	116292216	739388	0.00635801797774668	0.652609	0
DIV-226	116292216	739938	0.00636274744304468	0.662496	0
SA-3256	116292216	743754	0.00639556133318502	0.667046	0
DIV_033	116292216	747733	0.00642977686485912	0.448144	6.03701e-05
SA-1278	116292216	751488	0.00646206621430277	0.728814	0
SA-3493	116292216	754721	0.00648986687122722	0.66236	0
DIV_366	116292216	756963	0.00650914589158745	0.659696	0
SA-1006_Merge	116292216	760678	0.00654109127991851	0.669189	0.00018846
DIV-199	116292216	769249	0.00661479354731704	0.658909	0
SA-1406	116292216	769816	0.0066196691960879	0.658865	0
SA-1725	116292216	770325	0.0066240461012455	0.668144	2.92278e-05
DIV_245	116292216	771987	0.00663833768547329	0.657378	0
Ligon1	116292216	773678	0.0066528786415077	0.655103	0
SA-2375	116292216	774378	0.00665889796097789	0.677195	0
SA-0825	116292216	775049	0.00666466790864145	0.65659	0
Coker_312	116292216	784317	0.00674436369842673	0.690844	0
Sani	116292216	786158	0.00676019450863332	0.672295	0.000204771
SA-1694	116292216	786460	0.00676279141503332	0.663825	0
SA-1330	116292216	787780	0.00677414213174853	0.657772	0
DP90	116292216	794609	0.00683286489269411	0.693031	0
SA-1139	116292216	794888	0.00683526402145437	0.671464	0
DIV_002	116292216	797559	0.00685823202474704	0.64386	0
SA-1237	116292216	797891	0.00686108690198147	0.667789	0
SA-3193	116292216	798048	0.00686243694934836	0.678332	0
SAMN04998806	116292216	799742	0.00687700370246621	0.643816	0
SRR5279211	116292216	803130	0.00690613720870191	0.66149	0
SA-2895_Merge	116292216	809277	0.00695899543267797	0.660659	0
SA-1703	116292216	811434	0.00697754353567396	0.668839	0
SA-2558	116292216	812894	0.00699009811628321	0.652303	0
SA-3489	116292216	818027	0.00703423692605531	0.720785	0
SA_0668A	116292216	821300	0.00706238154409234	0.663415	0
DIV_264	116292216	825089	0.00709496326048168	0.44009	0
SA_0002	116292216	825980	0.00710262499426445	0.940749	0
Div037	116292216	829727	0.00713484555148558	0.714968	0
DIV_322	116292216	830509	0.00714156999123656	0.654272	0
SA-1230	116292216	831344	0.00714875017946171	0.715433	0
FM966	116292216	838647	0.00721154887959139	0.580122	3.02307e-05
TX-0953	116292216	839056	0.00721506588196754	0.716325	0
DIV_046	116292216	841087	0.0072325305074589	0.653232	0
11-2100	116292216	842139	0.00724157668471981	0.715433	0
STV825	116292216	845104	0.00726707280218996	0.702612	0
SA-0053	116292216	847747	0.00728980003270382	0.665077	0
TX-0672	116292216	855112	0.007353131872558	0.56281	0
SRR5279198	116292216	858032	0.0073782410337765	0.680126	0
AcalaUltima	116292216	858152	0.00737927291711425	0.695175	0
SA-1766	116292216	858992	0.00738649610047847	0.659084	0
SA-1291	116292216	862572	0.00741728062005457	0.665515	0
DIV_230	116292216	870706	0.00748722511229814	0.655453	0
SA-2580	116292216	873567	0.00751182693087558	0.663546	0
SRR5279208	116292216	877652	0.00754695395949803	0.669233	0
SRR5279206	116292216	884133	0.00760268425876415	0.67947	0
SAMN04998816	116292216	888939	0.00764401118644089	0.527666	0
SA-3452	116292216	891070	0.0076623357147137	0.664596	0
SRR5279214	116292216	891764	0.007668303440017	0.664596	0
SRR1534950	116292216	892911	0.00767816652492029	0.670327	0
SA-2910	116292216	894472	0.00769158960733881	0.676364	0.000395592
SA-1205	116292216	898226	0.00772387035775464	0.667177	0
BPS1207	116292216	901109	0.007748661354944	0.925163	0
SA_1263	116292216	905687	0.00778802770427902	0.846516	0
SA-3332	116292216	906094	0.00779152750859954	0.667265	0
SA-3251	116292216	910690	0.00783104864043523	0.729151	0
DIV-213	116292216	911065	0.00783427327586569	0.710972	0
TX_0112	116292216	918938	0.00790197342184966	0.784541	0
DIV_293	116292216	923373	0.0079401101102072	0.663371	0
SA-1456	116292216	928742	0.00798627829054354	0.536695	0
SA-2330	116292216	929791	0.007995298670721	0.667571	0
TX_0704	116292216	932064	0.00801484426094348	0.728814	0
SRR5279197	116292216	949566	0.00816534444575379	0.679514	0
SAMN04998802	116292216	979211	0.00842026262531621	0.559925	0
BPS1242	116292216	982503	0.00844857062488172	0.801037	0
DIV_063	116292216	985307	0.00847268229887373	0.672295	0.000164799
SA-1232	116292216	987392	0.00849061127186707	0.664552	0
DIV_306	116292216	990941	0.00852112922158092	0.667177	0
TX_0089	116292216	991861	0.00852904032717031	0.711864	0
TX_0109	116292216	996877	0.0085721730506881	0.551475	0
SRR5279200	116292216	1005436	0.00864577212975286	0.694212	0
MISU004	116292216	1030504	0.00886133255900808	0.661053	0
TamcotPyramid	116292216	1030620	0.00886233004623456	0.688875	0
SRR5279209	116292216	1040519	0.00894745182257082	0.666477	0
TX-0087	116292216	1056662	0.00908626592858115	0.64981	0
SAMN04998818	116292216	1056755	0.00908706563816791	0.695087	0.000151948
Tamcot_Sphinx	116292216	1063997	0.0091493397976009	0.690319	0
DIV_319	116292216	1088876	0.00936327501059916	0.673739	0
SRR5279207	116292216	1097349	0.00943613457327187	0.959726	0
SRR5279205	116292216	1100469	0.00946296354005327	0.966801	0.000217802
FM832	116292216	1115241	0.00958998837892985	0.680738	0
SRR5279212	116292216	1119999	0.00963090255327149	0.667615	0
AD5_CB3087	116292216	1124975	0.00967369131567671	0.901962	0
TX_0217	116292216	1136494	0.00977274351707254	0.549825	9.58834e-05
SRR5279210	116292216	1138559	0.0097905005095096	0.668402	0
SAMN04998810	116292216	1141920	0.00981940184199431	0.697668	0
SA-1250	116292216	1152951	0.00991425771781664	0.670152	0
TX_1453	116292216	1156385	0.00994378677933182	0.684526	0
SRR5279202	116292216	1164429	0.0100129573590721	0.683276	0.000290402
TX-1721	116292216	1173473	0.0100907269666269	0.660746	0
DIV_055	116292216	1179832	0.0101454081844996	0.644407	0
Li2-WT	116292216	1180718	0.0101530269231433	0.36425	0
TX_0634	116292216	1182797	0.0101709043019698	0.933269	0
SAMN04998805	116292216	1186803	0.0102053520073949	0.694081	0
TX_0756	116292216	1191812	0.010248424537718	0.945061	0
SRR5279215	116292216	1192503	0.0102543664659378	0.680695	0
TX_0240	116292216	1193762	0.0102651926419564	0.949409	3.06373e-05
TX_0215	116292216	1196883	0.0102920302077656	0.516908	0
TX-0213	116292216	1220015	0.0104909429191718	0.744871	0
TX-1422	116292216	1224599	0.0105303608626737	0.665121	0
TX_1183	116292216	1229652	0.0105738117502207	0.948782	0
SA-0582	116292216	1239944	0.010662312944488	0.948045	0
TX_1975	116292216	1241401	0.0106748417280139	0.892427	0
DIV058	116292216	1242922	0.0106879208493198	0.640667	0.000182382
SA-3390	116292216	1245849	0.010713090203733	0.814537	0
TX2273	116292216	1252957	0.0107742120934388	0.143231	0.000892061
TX-0044	116292216	1253254	0.0107767660046997	0.951435	0
TX-1257	116292216	1259674	0.0108319717632692	0.948966	0
Als-MU	116292216	1261041	0.0108437266342917	0.370152	0
TX-1105	116292216	1262831	0.0108591188940797	0.93467	0
TX-1102	116292216	1289739	0.0110905015345137	0.94554	0
TX_0200	116292216	1291650	0.0111069342766673	0.651552	0.000329598
TX-1228	116292216	1298351	0.0111645563620526	0.933012	0
Div305	116292216	1317683	0.0113307927677636	0.3179	0.000726575
TX_0014	116292216	1352901	0.0116336333293365	0.925053	0
DP5690	116292216	1354741	0.0116494555405153	0.672864	0.00019084
DIV119	116292216	1355790	0.0116584759206927	0.669277	0.000430266
TX-1661	116292216	1356902	0.0116680380396225	0.924647	0
SAMN04998817	116292216	1358962	0.0116857520369205	0.941007	0.000162342
TX_0746	116292216	1376822	0.0118393306736884	0.941708	0
TX_0006	116292216	1381692	0.0118812079391453	0.812455	0
TX_0012	116292216	1389153	0.0119453652856697	0.936217	0
TX-1168	116292216	1396427	0.0120079146139927	0.803393	0
TX-1055	116292216	1398654	0.0120270646489357	0.930469	0
SRR5279204	116292216	1407277	0.0121012140657806	0.686207	0
11-2091-1	116292216	1417431	0.0121885285942096	0.956962	0
TX-2163	116292216	1425081	0.0122543111569909	0.939423	0
TX_0147	116292216	1431932	0.0123132230965484	0.802989	0
TX_0009	116292216	1436703	0.0123542490582517	0.943513	0
TX-1420	116292216	1442930	0.0124077952044529	0.737734	0
SA-0033	116292216	1447521	0.0124472733411495	0.932754	0
SRR5279203	116292216	1462931	0.0125797843597718	0.698893	0.000595899
TX-1110	116292216	1465663	0.0126032769037611	0.950956	0
TX-1182	116292216	1467524	0.012619279694524	0.936549	0
NCM14-31	116292216	1474996	0.0126835316303543	0.953867	0
SA-1455	116292216	1491599	0.0128263012891594	0.66674	0
TX-1712	116292216	1530542	0.0131611732293415	0.66324	0
TX-0194	116292216	1540208	0.013244291432197	0.65799	0
TX_2330	116292216	1560326	0.0134172866737702	0.933933	0
DIV007	116292216	1560750	0.0134209326615635	0.653659	0.000212779
TX-1244	116292216	1565358	0.013460556981733	0.930727	0
TX-0279	116292216	1594271	0.0137091806729352	0.932348	0
TX-1226	116292216	1610795	0.0138512710085428	0.941044	0
SRR5279213	116292216	1612024	0.0138618392137269	0.669758	0.000185925
TX-2495	116292216	1616132	0.0138971640199891	0.656678	0
TX_0698	116292216	1637505	0.0140809510414695	0.945171	0
TX-1292	116292216	1637811	0.0140835823439808	0.925605	0
TX_1349	116292216	1642029	0.0141198530433026	0.945134	2.9857e-05
TX-1317	116292216	1649367	0.0141829527094058	0.942813	0
TX-1699	116292216	1650938	0.0141964617821024	0.669045	0
TX_0959	116292216	1654143	0.0142240216662481	0.927632	0
TX_1113	116292216	1657099	0.0142494403924679	0.926858	0
TX-2329	116292216	1659467	0.0142698028903327	0.941671	3.16106e-05
TX_2475	116292216	1661135	0.0142841460687274	0.661665	3.24086e-05
A2D3	116292216	1688410	0.0145186845523694	0.958768	0
TX-1115	116292216	1690929	0.0145403455034342	0.947714	0
BPS1157	116292216	1694520	0.0145712246123163	0.765183	9.50661e-05
TX-2465	116292216	1695946	0.0145834868259798	0.640842	0
SAMN04998809	116292216	1700202	0.0146200842883586	0.814032	0.000206642
SRR5279201	116292216	1704308	0.0146553918965651	0.678814	0.000394322
TX-1968	116292216	1755244	0.0150933919773272	0.883496	0
TX_2405	116292216	1757101	0.0151093603719788	0.935996	2.92278e-05
TX_0130	116292216	1764319	0.0151714281547443	0.937498	0
Als-WT	116292216	1775606	0.0152684853816871	0.71193	0.000892061
Im-MU	116292216	1776686	0.0152777723317268	0.717004	0.000539724
TX-2482	116292216	1776879	0.015279431944095	0.656372	0
TX_0461	116292216	1778464	0.0152930614031811	0.94027	0
TX-0786	116292216	1780196	0.0153079549193559	0.724494	0
TX_0665	116292216	1796268	0.0154461584943914	0.918986	0
TX-1988	116292216	1797346	0.0154554282463755	0.804673	3.54472e-05
TX_0686	116292216	1797511	0.0154568470859649	0.88266	0
TX_0248	116292216	1803648	0.0155096193196628	0.930359	0
SRR5279216	116292216	1813810	0.0155970026403143	0.690144	0.000360443
TX-1443	116292216	1814659	0.0156043032149288	0.940307	0
SRR5279199	116292216	1815364	0.0156103655295381	0.679514	0.000429397
TX_0879	116292216	1815974	0.015615610936505	0.883998	3.33678e-05
TX-1702	116292216	1826492	0.0157060555110585	0.944766	0.000494397
TX_0751	116292216	1827088	0.0157111805316359	0.935296	0
TX-1459	116292216	1829639	0.0157331166515909	0.944103	0
Li2-MU	116292216	1850782	0.0159149258966739	0.713198	0.000448491
TX_1111	116292216	1856896	0.0159675003527321	0.896575	3.42302e-05
TX_1855	116292216	1857885	0.0159760047912407	0.924647	0
TX-1981	116292216	1859958	0.0159938305759003	0.585973	0
TX_0286	116292216	1861297	0.016005344674144	0.934633	0
TX_2249	116292216	1864065	0.0160291467831347	0.864363	0
TX_0937	116292216	1882065	0.0161839292837966	0.878479	0
KLM1872	116292216	1895272	0.0162974966441434	0.892093	0
BPS1238	116292216	1899960	0.016337808886538	0.928369	0.00106172
TX_1009	116292216	1918325	0.0164957300323523	0.937249	0
TX-1982	116292216	1918740	0.0164992986288953	0.888045	5.84556e-05
TX_2252	116292216	1931981	0.0166131583561878	0.93537	0
SAMN04998815	116292216	1934132	0.0166316548650169	0.945945	0
TX_0249	116292216	1948709	0.0167570028934697	0.936991	0
TX-0315	116292216	1969140	0.0169326896307488	0.915583	0
TX-2487	116292216	1984362	0.0170635840321419	0.937396	0
SAMN04998812	116292216	1986093	0.0170784689492889	0.937138	0.000164799
TX_0390	116292216	2006401	0.0172530980061469	0.936991	0
TX-1106	116292216	2013784	0.0173165846285017	0.883496	0
TX-2288	116292216	2016686	0.0173415390072195	0.930174	0
TX-0303	116292216	2017468	0.0173482634469705	0.935628	0
TX-1046	116292216	2017559	0.0173490459585016	0.868511	0
TX_2253	116292216	2018505	0.0173571806388142	0.935922	9.28419e-05
TX-1990	116292216	2026158	0.017422988998679	0.882125	0
SA-3308	116292216	2031105	0.0174655283892776	0.715433	0.000102225
TX-1477	116292216	2042645	0.0175647611702575	0.945945	0
TX-0481	116292216	2046727	0.0175998624017965	0.89604	0
OWS	116292216	2066901	0.0177733391889273	0.833121	0
TX-1748	116292216	2072929	0.0178251741285934	0.902629	0
TX-0663	116292216	2074593	0.0178394829108769	0.890149	3.29989e-05
TX-2089	116292216	2079514	0.0178817987267523	0.894233	0
TX-2081	116292216	2094446	0.0180101994100792	0.891691	0
TX_1895	116292216	2095139	0.0180161585363547	0.902428	3.26052e-05
TX_0752	116292216	2099646	0.0180549143547148	0.891223	0
TX-0662	116292216	2105160	0.0181023293940843	0.886172	3.80387e-05
TX_1698	116292216	2115239	0.0181889989954272	0.860275	0
TX-2116	116292216	2115321	0.018189704115708	0.925421	0
GB_0262	116292216	2116308	0.0181981913561609	0.926045	0
TX_2400	116292216	2134412	0.0183538681557156	0.880753	0.000115808
TX-2228	116292216	2135582	0.0183639290182586	0.900555	2.92475e-05
Im-WT	116292216	2137568	0.0183810066874983	0.708736	0.000708056
TX_0664	116292216	2140305	0.0184045422266268	0.906844	3.60101e-05
TX-1439	116292216	2144995	0.018444871667077	0.91771	0
TX_0487	116292216	2152168	0.0185065524935908	0.92707	0
TX-0668	116292216	2154092	0.018523097023106	0.897779	0
TX_1108	116292216	2155890	0.0185385580751166	0.891892	3.29989e-05
TX-2335	116292216	2156499	0.0185437948830556	0.933196	0.000144181
TX_2254	116292216	2158810	0.0185636672363351	0.895906	0
TX-1107	116292216	2161081	0.0185831956285019	0.880787	0.000110615
TX-1373	116292216	2161754	0.0185889827742211	0.936954	2.70863e-05
SA-2606	116292216	2194552	0.0188710136884828	0.945863	0
TX321	116292216	2210819	0.0190108940739421	0.929121	3.41006e-05
TX-2415	116292216	2218880	0.0190802108371553	0.81521	0
TX_1367	116292216	2224529	0.0191287867452797	0.943255	7.44408e-05
M8	116292216	2251523	0.0193609089021057	0.684716	0.000189717
TX-1674	116292216	2260891	0.0194414645946724	0.930432	3.11081e-05
TX_2266	116292216	2262468	0.019455025261536	0.678858	6.4433e-05
TX-0069	116292216	2263026	0.0194598235190565	0.901224	0.000131996
SA-2597	116292216	2286185	0.0196589684042137	0.922699	0.000136921
TX-2470	116292216	2333423	0.0200651692801176	0.929143	0
TX_0712	116292216	2343008	0.0201475909617201	0.708072	0
TX-1514	116292216	2345890	0.0201723733598816	0.937175	0
TX-1629	116292216	2347025	0.0201821332564511	0.943292	0.000103001
TX_0956	116292216	2350536	0.020212324443108	0.716027	6.23364e-05
TX_2463	116292216	2360964	0.0203019951051582	0.936696	3.33678e-05
TX_2247	116292216	2362509	0.0203152806031317	0.936623	0.000122933
TX-1089	116292216	2365384	0.0203400028080985	0.901212	8.85609e-05
TX-0480	116292216	2372343	0.02039984344266	0.914035	0.000329164
TX_1792	116292216	2382130	0.020484002127881	0.921515	8.94588e-05
TX-1509	116292216	2390175	0.0205531813066491	0.906739	0
TX-1572	116292216	2391892	0.0205679458374067	0.905781	0
TX-1496	116292216	2393316	0.0205801908530146	0.937654	7.13038e-05
TX_0674	116292216	2393406	0.0205809647655179	0.940381	0.000152155
SAMN04998814	116292216	2405510	0.0206850473981853	0.920041	0
TX_0713	116292216	2405852	0.0206879882656979	0.937802	0.000189315
TX_0902	116292216	2413431	0.0207531602975043	0.923468	0.000181923
TX-2489	116292216	2416793	0.0207820702290169	0.800061	7.40604e-05
TX_0834	116292216	2418622	0.0207977978508897	0.916651	6.19118e-05
TX-2216	116292216	2420178	0.0208111779381691	0.934043	0
TX-1066	116292216	2420393	0.0208130267291493	0.937286	0.000175757
TX-1920	116292216	2421166	0.0208196737776499	0.941929	0.000228232
TX_1515	116292216	2423107	0.020836364490638	0.917683	3.03334e-05
TX-1905	116292216	2424520	0.0208485149169399	0.923284	0
TX_1688	116292216	2424916	0.0208519201319545	0.913335	0
TX-1551	116292216	2426341	0.0208641737465902	0.911198	0.000368686
TX_1594	116292216	2431852	0.0209115629888762	0.921884	0.000203004
TX_0710	116292216	2434796	0.0209368785267623	0.912782	0
TX-1935	116292216	2435596	0.0209437577490139	0.929032	0.000147601
TX_1694	116292216	2439640	0.020978532217496	0.926158	0.000147601
TX_0691	116292216	2441630	0.0209956442828469	0.924942	0.000174322
TX-1996	116292216	2442866	0.0210062726812257	0.677966	0
TX-2093	116292216	2451709	0.0210823138841898	0.692517	3.62476e-05
BPS1247	116292216	2455699	0.0211166240051699	0.922915	0.000154183
TX_2284	116292216	2462308	0.0211734549799963	0.91783	0
TX_1579	116292216	2463196	0.0211810909166956	0.940197	0.000173998
TX-1833	116292216	2473604	0.0212705895981894	0.940234	8.15772e-05
SAMN04998811	116292216	2476015	0.0212913218542503	0.980287	0.000810215
TX-1705	116292216	2478400	0.021311830535588	0.925274	0
TX_1874	116292216	2479474	0.0213210658914609	0.924684	0
TX-1245	116292216	2481559	0.0213389948644542	0.928111	0.000122895
TX-1592	116292216	2483342	0.0213543269310476	0.924573	0
TX-1596	116292216	2488510	0.0213987667067932	0.892727	5.90406e-05
TX-1578	116292216	2489574	0.0214079160723879	0.934117	0.000178918
TX-1666	116292216	2498247	0.0214824954406235	0.936991	0
TX_1690	116292216	2515809	0.0216335115671027	0.936401	0
TX_1925	116292216	2522822	0.0216938165491661	0.939865	9.28678e-05
TX-1672	116292216	2524111	0.0217049006960191	0.91503	8.85609e-05
TX_2003	116292216	2529391	0.0217503035628799	0.933748	0
BPS1240	116292216	2529791	0.0217537431740057	0.922731	0.000623216
TX_1286	116292216	2537597	0.0218208671851261	0.928958	0
TX-1487	116292216	2540140	0.0218427345128585	0.921368	0
TX-2096	116292216	2543171	0.0218687981661644	0.929732	0
TX_2277	116292216	2559685	0.022010802511494	0.914662	6.14666e-05
TX-2213	116292216	2565365	0.0220596449894806	0.937175	0.000303896
TX-0853	116292216	2571614	0.0221133803142938	0.919083	0.0001844
TX-1582	116292216	2574004	0.0221339319907706	0.951804	0.000215067
TX_1075	116292216	2578804	0.0221752073242804	0.932017	3.80387e-05
TX_1120	116292216	2579661	0.0221825766911175	0.904168	0.000760774
TX-1586	116292216	2581720	0.0222002820893877	0.925347	0.000247735
TX-1288	116292216	2585089	0.0222292522140949	0.929548	0
TX-1931	116292216	2593635	0.022302739505798	0.937875	0.000153619
TX-1929	116292216	2597382	0.0223349600630192	0.945282	0.000335965
TX_2160	116292216	2603675	0.0223890737450562	0.931095	0
TX-1273	116292216	2604041	0.0223922209892363	0.931022	0.000103171
TX-1497	116292216	2606986	0.0224175451261501	0.9266	0.000184343
TX-1236	116292216	2612023	0.022460858429252	0.935922	0.000118081
TX-2246	116292216	2622679	0.0225524896696439	0.906224	6.48172e-05
TX-2207	116292216	2633411	0.0226447744361497	0.935665	0.000206642
TX-1263	116292216	2633629	0.0226466490242133	0.90814	0.000215133
TX_0939	116292216	2640103	0.0227023191302847	0.916909	0.000215067
TX-1635	116292216	2682245	0.0230646993604456	0.943808	0
TX_1249	116292216	2693026	0.0231574054793143	0.616818	0
TX_1859	116292216	2703518	0.0232476264791446	0.93408	0.000116911
TX-1503	116292216	2714015	0.0233378904741139	0.926526	0
TX-1520	116292216	2717138	0.0233647452379788	0.922621	0
TX-0967	116292216	2722935	0.0234145938022197	0.901102	5.90406e-05
TX_2174	116292216	2736288	0.0235294166206275	0.934449	0.000245866
TX_2226	116292216	2739956	0.0235609578546513	0.920741	0
TX-1689	116292216	2792143	0.0240097153192093	0.937323	0
TX-1416	116292216	2798862	0.0240674921870953	0.926784	0.000103171
TX-2092	116292216	2810927	0.0241712394576779	0.671722	5.6427e-05
TX-1229	116292216	2816520	0.0242193338202447	0.93408	0.000247735
TX-2192	116292216	2894223	0.0248875040785189	0.927669	0.000601642
SA-1845	116292216	2895812	0.0249011679337162	0.933169	0.000126442
TX-2095	116292216	2896243	0.0249048741147043	0.81144	0
BPS1239	116292216	2904117	0.0249725828597161	0.945024	0.000527533
TX-1957	116292216	2953437	0.0253966869115298	0.94694	0.00121573
GB319	116292216	2955790	0.0254169204239775	0.964979	0.000329598
ISU1021	116292216	2958988	0.0254444201149284	0.895906	9.66495e-05
TX-2417	116292216	2975648	0.0255876799183189	0.902244	0.00139651
SAMN04998808	116292216	3048162	0.0262112298212634	0.907292	0.0018891
PI341095	116292216	3054794	0.0262682585737295	0.925716	6.4433e-05
TX-2090	116292216	3089595	0.0265675133407037	0.948487	9.99867e-05
TX_2094	116292216	3104979	0.0266998007846028	0.951988	0.0011296
TX_2276	116292216	3120695	0.0268349431057363	0.933638	8.7189e-05
TX-2091	116292216	3127956	0.0268973806466978	0.884031	0.000175914
TX_2265	116292216	3217404	0.0276665464866539	0.926047	0.000166367
TX-0969	116292216	3383674	0.0290963068413796	0.930027	0.000206642
SAMN04998801	116292216	3412520	0.0293443543977182	0.94495	0.00018502
BPS1244	116292216	3541296	0.0304517028035651	0.914109	8.85609e-05
Coker139	116292216	3612704	0.0310657421817467	0.730653	0.00674651
TX_1894	116292216	3694144	0.0317660470069639	0.903423	0.000516529
BPS1173	116292216	3723930	0.0320221776494482	0.922215	0.000638508
BPS1148	116292216	3755294	0.0322918775578238	0.923358	0.000474128
BPS1149	116292216	3766859	0.0323913253144991	0.923136	0.000726997
BPS1151	116292216	3858162	0.0331764423510513	0.924684	0.000505737
LKSP	116292216	3865771	0.0332418723536922	0.899296	0.000505737
TX_1678	116292216	3871766	0.0332934235254404	0.928037	0.00083883
M4	116292216	3890462	0.0334541909494613	0.921184	0.000410911
TX-1037	116292216	3928145	0.0337782281145971	0.913188	0.000568954
olg2_13	116292216	3980508	0.0342284990080505	0.876321	0
TX_2211	116292216	4003669	0.0344276610912634	0.903091	0.00162566
BPS1206	116292216	4015431	0.0345288028564182	0.918199	0.000592483
GB_0631	116292216	4111693	0.0353565624719027	0.925443	0
GB-0623	116292216	4199918	0.0361152117008416	0.853311	0
olg2_14	116292216	4230029	0.0363741370273656	0.934374	0
BPS1152	116292216	4501900	0.0387119633183359	0.914551	0.00117616
olg2_12	116292216	4543288	0.0390678598815247	0.944208	5.45256e-05
TX-2166	116292216	4710985	0.0405098910489417	0.935922	0.00283782
GB_1449	116292216	4767309	0.0409942226915686	0.905323	0
GB_0254	116292216	4784830	0.0411448862579074	0.894235	0
SAMN04998813	116292216	5001504	0.0430080720105979	0.984229	0.00222294
olg2_8	116292216	5113106	0.0439677407127576	0.930711	2.81136e-05
GB_1483	116292216	5185328	0.0445887796995802	0.901962	0
olg2_18	116292216	5313669	0.0456923875283278	0.956349	0
olg2_5	116292216	5478296	0.0471080196803542	0.93618	0
GB-0183	116292216	6120865	0.0526334883841237	0.921278	0.000175833
GB-0232	116292216	6390396	0.0549511929500079	0.866138	0.000141789
GB_1444	116292216	6441781	0.0553930539942587	0.890623	2.90943e-05
GB_1512	116292216	6455245	0.0555088313047539	0.857759	8.97626e-05
GB-0816	116292216	6631075	0.0570207983653867	0.900156	8.72829e-05
GB_1465	116292216	6649554	0.0571796998003719	0.89579	0.000116377
GB_1482	116292216	6650362	0.057186647814846	0.87256	7.38662e-05
GB-0245	116292216	6660160	0.057270901089373	0.891526	4.17293e-05
GB_0251	116292216	6669543	0.0573515857673569	0.898751	0.000125245
GB_0238	116292216	6726300	0.0578396407890275	0.889218	5.8524e-05
GB_1031	116292216	6737456	0.0579355715433267	0.891927	0.000171316
SA_0706	116292216	6738034	0.0579405417814035	0.887963	0.000110799
PS_7	116292216	6738158	0.0579416080608525	0.920676	3.63941e-05
GB_1513	116292216	6764660	0.0581694994959938	0.904822	7.27882e-05
GB-0740	116292216	6765835	0.0581796033536759	0.900055	4.11828e-05
GB_0683	116292216	6769470	0.0582108608197818	0.913803	0.000161082
SA_1497	116292216	6772343	0.058235565826693	0.89569	6.21852e-05
olg2_2	116292216	6776821	0.0582740722732466	0.936782	0.000415973
GB_0255	116292216	6785143	0.0583456333827193	0.900356	0.000126673
GB_0805	116292216	6793518	0.0584176502406661	0.896443	8.97626e-05
GB_1027	116292216	6797309	0.0584502491551111	0.893432	0.000143663
M437_9	116292216	6799579	0.0584697689482502	0.910742	3.09109e-05
ISU1012	116292216	6801659	0.0584876549261044	0.891777	0.00276315
olg2_6	116292216	6812166	0.0585780049113519	0.944157	0.000383975
AD3-7	116292216	6822400	0.0586660073620061	0.920576	0.0025356
GB-CL2-1	116292216	6829373	0.0587259683829569	0.928079	9.59939e-05
AD3-26	116292216	6838481	0.0588042883282919	0.923938	0.00234055
M439_10	116292216	6846933	0.0588769673113805	0.898399	9.19963e-05
AD5-2	116292216	6849940	0.0589028245880189	0.923386	0.000354666
AD6_TX_2263	116292216	6854363	0.0589408580880426	0.981724	0.0114709
GB-0242	116292216	6864086	0.0590244664354835	0.902514	0.000112448
GB-0051	116292216	6870625	0.0590806954783629	0.908384	0.000147732
GB-1468	116292216	6874445	0.0591135437646145	0.911344	0.000110799
GB-1438	116292216	6875551	0.0591230542893774	0.899905	0.000125245
GB_0220	116292216	6892106	0.0592654111948473	0.890974	0.000199869
GB_0258	116292216	6894801	0.0592885855748075	0.903818	0.000143102
SAMN04998800	116292216	6895403	0.0592937621895519	0.912097	0.0018893
AD5_PW45	116292216	6913056	0.0594455608275622	0.882495	0.000709332
GB_1336	116292216	6931528	0.0596044020693526	0.893583	8.97626e-05
AD3_23	116292216	6933526	0.0596215829269261	0.931363	0.00266563
GB-0227	116292216	6934229	0.0596276280434797	0.902062	0.000110799
GB_1464	116292216	6937328	0.059654276430677	0.883498	0.000218364
GB_1480	116292216	6941437	0.059689609835967	0.900356	5.84949e-05
olg2_4	116292216	6942820	0.0597015022914345	0.931464	0.00031998
GB_0275	116292216	6949655	0.059760276646547	0.807334	0.000147732
GB-0864	116292216	6954513	0.0598020507236701	0.903166	0.000166994
GB_1084	116292216	6960685	0.0598551239233415	0.90733	0.000110799
M434-12	116292216	6963378	0.0598782811052461	0.912348	3.37804e-05
GB-0489	116292216	6972668	0.0599581660736433	0.884803	0.00015999
M637_2	116292216	6980222	0.0600231231297544	0.89855	0.000107327
GB_0230	116292216	6996922	0.0601667268942575	0.899152	0.000228421
GB_1439	116292216	6998870	0.0601834778004402	0.888164	5.81886e-05
AD3_25	116292216	7000212	0.0601950176957674	0.93051	0.00327675
M435-7	116292216	7000433	0.0601969180809144	0.902263	0.000142763
GB_0144	116292216	7000468	0.0601972190468879	0.891977	0.000110799
GPS_005	116292216	7011233	0.0602897875813115	0.926195	4.29535e-05
GB_1384	116292216	7011323	0.0602905614938149	0.884602	0.000597949
GB_0426	116292216	7014942	0.0603216813754757	0.891225	3.69331e-05
olg2_10	116292216	7015506	0.0603265312271631	0.943605	0.000383975
GB-0087	116292216	7016353	0.0603338146037221	0.887161	3.69331e-05
phy76	116292216	7017249	0.0603415193326439	0.939541	8.34968e-05
GB_0739_Merge	116292216	7021207	0.0603755542847339	0.896894	0.000290943
GB_1086	116292216	7029083	0.0604432802278013	0.895991	0.000143102
GB_0224	116292216	7031632	0.0604651991497006	0.907481	0.000351977
GB_0303	116292216	7033975	0.0604853466718701	0.892529	0.000110799
Coastland-320	116292216	7039356	0.0605316180405402	0.881742	0.000399361
GB_0339	116292216	7042786	0.0605611127059441	0.88686	0.00015999
GB_1329	116292216	7047448	0.0606012013736156	0.908685	0.000117087
M540_5	116292216	7047928	0.0606053289069666	0.908033	0.000174566
GB_0192	116292216	7055623	0.0606714984259996	0.890974	0.000228421
GB_0429	116292216	7062972	0.0607346926814087	0.890522	0.000147732
M440-5	116292216	7068298	0.060780491103549	0.903116	0.000142763
GB-0093	116292216	7068940	0.060786011679406	0.895891	0.00015999
M436_7	116292216	7075227	0.060840073767276	0.905725	0.000168902
GB-0651	116292216	7078042	0.060864280030574	0.883598	0.000435132
GB_0542	116292216	7078205	0.0608656816721078	0.883699	0.000351977
GB_1069	116292216	7115378	0.0611853333330582	0.897597	0.000199869
GB-0136	116292216	7116374	0.0611938979647615	0.891476	0.000110799
olg2_15	116292216	7117805	0.0612062031735641	0.946265	0.000551702
M539_15	116292216	7118401	0.0612113281941416	0.91606	0.000109182
M633_5	116292216	7121386	0.061236996292168	0.913702	0.000106274
TX-1262	116292216	7126632	0.0612821067920831	0.888114	0.000607961
GB_0785_Merge	116292216	7132780	0.061334973615087	0.908685	0.000234174
GB_0204	116292216	7139366	0.0613916068122737	0.896493	0.000147732
GB-0156	116292216	7142048	0.0614146694048723	0.876675	0.000708487
GB-0113	116292216	7143388	0.0614261921021438	0.904069	0.000221598
SAMN04998798	116292216	7151268	0.0614939524413225	0.883849	0.00148221
GB_0249	116292216	7156226	0.061536586421227	0.910592	0.000517063
GB_0313	116292216	7163451	0.0615987143971872	0.891526	0.00031998
GB_0648	116292216	7167419	0.0616328353395553	0.894486	3.43903e-05
GB-0655	116292216	7167423	0.0616328697356666	0.888716	0.000255984
M634_3	116292216	7167500	0.0616335318608083	0.905775	0.00012596
GB-0337	116292216	7176402	0.0617100804064134	0.900557	0.000399492
GB-0212	116292216	7178955	0.061732033724424	0.892278	0.000223986
GB_0349	116292216	7183736	0.0617731456764054	0.909839	0.000369331
GB-0569	116292216	7184903	0.061783180741865	0.879183	0.000332398
GB_0467	116292216	7188994	0.0618183593646543	0.890372	0.000369331
GB-0128	116292216	7189232	0.0618204059332742	0.893884	0.000812528
M6	116292216	7193793	0.0618596260991363	0.908233	0.000494603
GB-0335	116292216	7210388	0.0620023269657188	0.886057	0.000719942
GB-0102	116292216	7214540	0.0620380301292049	0.896593	0.000295465
NE-7018	116292216	7215497	0.0620462593988234	0.892078	0.000472126
GB-0140	116292216	7216077	0.0620512468349558	0.895991	0.000543965
GB-0636	116292216	7222399	0.0621056098887994	0.889242	6.39959e-05
GB-0167	116292216	7227437	0.0621489317909292	0.874718	0.000415973
GB_0333	116292216	7227679	0.0621510127556603	0.884251	0.00105593
GB-0649	116292216	7229451	0.0621662502329477	0.900808	0.000101612
GB-0533	116292216	7241188	0.0622671770224071	0.898048	0.000258532
GB-0052	116292216	7241255	0.0622677531572706	0.899252	0.000191988
GB_1067	116292216	7242018	0.0622743142154931	0.888967	0.00059111
GB-0181	116292216	7247796	0.0623239993982056	0.901259	0.000110799
GB_0085	116292216	7247964	0.0623254440348785	0.899503	0.000409819
GB-0278	116292216	7255341	0.0623888790630664	0.85608	0.000223986
GB-0386	116292216	7264007	0.0624633982381074	0.896794	0.000184665
GB-0434	116292216	7267038	0.0624894618914133	0.898901	9.59939e-05
GB_0660	116292216	7270142	0.0625161532737496	0.899052	0.00015999
GB_0428	116292216	7274899	0.0625570588490635	0.871958	0.000147732
GB_0193	116292216	7279829	0.0625994520561892	0.907581	0.000383975
K101	116292216	7283769	0.0626333322257785	0.93613	0.000223986
TX_2350	116292216	7289573	0.0626832409832142	0.899152	0.000511967
GB_1459	116292216	7290343	0.0626898622346314	0.900206	0.000230074
GB_1388	116292216	7293537	0.0627173275294711	0.888766	9.86031e-05
GB-0169	116292216	7294800	0.0627281881016009	0.894436	0.00015999
GB-0281	116292216	7294955	0.0627295209509121	0.899252	0.000221598
SAMN04998803	116292216	7297101	0.0627479744646022	0.900206	0.000314079
GB-0034	116292216	7299242	0.0627663849831531	0.896041	0.000258532
GB_0657	116292216	7300855	0.062780255215018	0.890322	0.000543965
GB-0394	116292216	7302241	0.062792173467569	0.89268	3.69331e-05
GB-0517	116292216	7308197	0.0628433892772324	0.899553	0.000221598
GB-0359	116292216	7315976	0.0629102811146019	0.902213	0.000174566
GB-0307	116292216	7316518	0.0629149417876773	0.906528	0.000354666
GB_0320	116292216	7319368	0.0629394490169488	0.889619	0.000230074
GB-0119	116292216	7319624	0.0629416503680693	0.903969	0.000258532
GB_0091	116292216	7322984	0.0629705431015262	0.890522	0.000493016
GB-0049	116292216	7335298	0.0630764315300346	0.923787	0.000295465
GB-0536	116292216	7337581	0.0630960631105353	0.900958	0.000290539
GB-CL1-1	116292216	7338395	0.0631030627191763	0.927933	0.000363941
GB-0053	116292216	7342239	0.0631361173820955	0.905524	0.000255984
light_brown	116292216	7342718	0.0631402363164186	0.935176	0.000944649
GB-1386	116292216	7346433	0.0631721817047497	0.904922	0.000678404
GB-0457	116292216	7349418	0.0631978498027761	0.902564	0.000147732
GB-0211	116292216	7356169	0.0632559018395522	0.927149	0.000258532
GB-0371	116292216	7356599	0.0632595994215124	0.894988	0.000184665
GB427-2	116292216	7359436	0.0632839948634223	0.929005	0.00015999
GB_0600	116292216	7362024	0.0633062491474064	0.890572	0.000709332
GB-0361	116292216	7362511	0.0633104368739521	0.899503	0.000287982
GB-0358	116292216	7364201	0.0633249692309587	0.902463	0.000221598
GB-0594	116292216	7364995	0.0633317968590434	0.902363	0.00102393
GB-0348	116292216	7399953	0.0636324016733846	0.891526	0.000326857
GB-0382	116292216	7402167	0.063651439920966	0.900808	0.000383975
GB-0440	116292216	7403833	0.063665765901305	0.903266	0.000738662
GB-0264	116292216	7404196	0.0636688873484017	0.91024	0.000147732
GB-0776	116292216	7408433	0.063705321429252	0.911093	0.000255984
GB-0430	116292216	7425969	0.063856113981008	0.896694	0.000447971
GB-0524	116292216	7430482	0.0638949213935351	0.902915	0.000575963
GB-0376	116292216	7430787	0.0638975440970185	0.888114	0.000290539
GB_1063	116292216	7435455	0.0639376843588568	0.904069	0.000295465
GB-0176	116292216	7437150	0.0639522597110025	0.888816	0.00048013
GB414-2	116292216	7451654	0.0640769800104248	0.938939	0.000354666
GB618-2	116292216	7464598	0.0641882858264563	0.934875	0.000326857
GB_0309	116292216	7472569	0.0642568286771661	0.90432	0.000147732
GB_0647	116292216	7474208	0.0642709224837542	0.91596	0.000110799
GB_1383	116292216	7493920	0.0644404265200347	0.898149	0.000773163
GB_0662	116292216	7495637	0.0644551910507923	0.913351	0.000127992
GB_0461	116292216	7502277	0.0645122885954809	0.907732	0.000517063
GB287-2	116292216	7511100	0.0645881578178887	0.941649	0.000184665
GB_0790_Merge	116292216	7517619	0.0646442148802118	0.914957	0.000553996
M538-11	116292216	7522697	0.0646878807434541	0.920275	0.00054273
GB-0095	116292216	7535896	0.0648013793115783	0.91014	0.000415973
GB-0571	116292216	7538332	0.0648223265433346	0.897446	9.59939e-05
GB_0252	116292216	7584584	0.0652200487778133	0.911043	0.00117809
GB-0593	116292216	7596854	0.0653255588490979	0.900256	7.38662e-05
AD7_Pearl1B	116292216	7614948	0.0654811496583744	0.98529	0.00742165
GB_0314	116292216	7635830	0.0656607145571979	0.897697	0.000701728
GB-0377	116292216	7648753	0.0657718397936453	0.91295	0.000472126
GB369	116292216	7662756	0.0658922519801325	0.882444	0.000812528
olg2_3	116292216	7672317	0.0659744672850675	0.954218	0.00059111
GB-0273	116292216	7711228	0.0663090640563595	0.902514	0.000627862
olg2_17	116292216	7721330	0.0663959314353422	0.949476	0.000287982
SAMN04998820	116292216	7844725	0.0674570084725189	0.908334	0.000849461
G2223	116292216	7862076	0.0676062102041292	0.909488	0.000547217
GB_1462	116292216	7956545	0.0684185517627422	0.908534	0.00236063
GB_0720_Merge	116292216	8006184	0.0688453989044288	0.916111	0.000671957
SRR4018970	116292216	8208282	0.0705832452276944	0.699418	0.00554537
SAMN04998799	116292216	8393555	0.07217641290798	0.868034	0.000927267
SRR4006702	116292216	8597504	0.0739301760317303	0.716567	0.0160296
AD7	116292216	9061115	0.077916779915863	0.982571	0.0169671
GB236	116292216	9139417	0.0785901009917981	0.96242	0.00194158
Phy76	116292216	9170473	0.0788571523996069	0.926547	0.00142763
SAMN04998819	116292216	9213977	0.0792312445056512	0.937534	0.00242433
SRR4013618	116292216	9245420	0.0795016237372242	0.713811	0.0184018
GB362	116292216	9504152	0.0817264674017391	0.941197	0.00259183
AD4_10	116292216	9617411	0.0827003846929875	0.89843	0.00115908
nb-1	116292216	9627197	0.0827845347791808	0.908167	0.00252101
GB385	116292216	9686145	0.083291430270793	0.937083	0.00323179
AD3	116292216	9728375	0.0836545672154016	0.973107	0.00962226
GB618	116292216	9751665	0.0838548385732025	0.938488	0.00392171
AD4-W400	116292216	9782238	0.0841177366505769	0.912334	0.00318979
AD4-16	116292216	9814608	0.0843960871809339	0.916179	0.00185453
DP340	116292216	9918308	0.0852878063653031	0.933772	0.00356908
AD5	116292216	9977961	0.0858007641715246	0.956099	0.00636759
GB398	116292216	10093500	0.0867942872461902	0.934374	0.00377576
GB287	116292216	10192242	0.0876433724506548	0.940244	0.00409574
GB411	116292216	10204969	0.0877528122776506	0.931313	0.00563164
GB414	116292216	10208450	0.0877827454934731	0.949576	0.00535939
SRR4018971	116292216	10310240	0.0886580405347164	0.521945	0.0121501
SRR4006731	116292216	10390708	0.0893499871048979	0.990825	0.021689
SRR4006664	116292216	11128892	0.0956976518531558	0.717048	0.0178052
SRR4006715	116292216	11291728	0.0970978831463664	0.730541	0.0276539
SRR4006041	116292216	11327116	0.0974021855426678	0.727241	0.0211049
GB427	116292216	11479917	0.0987161255917593	0.93041	0.00684756
SRR4014013	116292216	11529861	0.0991455954369293	0.714029	0.0206475
GB74	116292216	11622618	0.0999432154599238	0.963123	0.00991123
SRR4013899	116292216	11698426	0.100595090560489	0.605757	0.029653
SRR4014011	116292216	11859040	0.101976214813896	0.716261	0.0242646
SRR4018965	116292216	11871277	0.102081441117263	0.989019	0.0263318
SRR4006730	116292216	12033102	0.103472978793353	0.725054	0.0213163
SRR4003165	116292216	12074232	0.103826656807365	0.722648	0.0187236
SRR4006719	116292216	12210288	0.104996606135702	0.733336	0.0279246
SRR4013886	116292216	12400215	0.106629793691437	0.71871	0.0279246
SRR4013626	116292216	12452934	0.107083125838792	0.716786	0.0212356
SRR4003074	116292216	12535053	0.107789269403895	0.718492	0.0196021
SRR4018580	116292216	12572718	0.108113151786531	0.758257	0.014273
SRR4006720	116292216	12648456	0.108764424955149	0.714248	0.0293531
SRR4018588	116292216	12666166	0.108916713737745	0.72711	0.0227384
AD4	116292216	12892112	0.110859629676332	0.957002	0.0104028
SRR4006687	116292216	12953199	0.111384918488439	0.535236	0.0254507
SRR4018966	116292216	12954874	0.111399321860029	0.729866	0.0205168
SRR4013901	116292216	12960585	0.111448430907878	0.55943	0.0279924
SRR4018959	116292216	13107733	0.112713760652734	0.725097	0.0334147
SRR4013625	116292216	13172034	0.113266686740237	0.715867	0.025058
SRR4013628	116292216	13174969	0.113291924886873	0.714204	0.0169885
SRR4013633	116292216	13234974	0.113807909550885	0.610106	0.0193507
SRR4006661	116292216	13277819	0.1141763348976	0.957011	0.015205
SRR4013329	116292216	13424015	0.115433478367976	0.530853	0.0273485
SRR4013898	116292216	13445695	0.115619905290996	0.713023	0.0208109
SRR4006694	116292216	13584203	0.116810939435534	0.729297	0.0337874
SRR4006732	116292216	13616662	0.117090055279366	0.719542	0.0206802
SRR4018953	116292216	13661224	0.117473245156838	0.737565	0.0428189
SRR4013894	116292216	13702570	0.117828780560859	0.714292	0.02496
SRR4006722	116292216	13737373	0.118128052525889	0.71836	0.031886
SRR4018973	116292216	13875936	0.119319559616957	0.554993	0.0195041
SRR4013888	116292216	13928013	0.119767371188455	0.714618	0.0239799
SRR4013891	116292216	13932807	0.119808594927798	0.532943	0.0325336
SRR4006669	116292216	13993067	0.120326772343903	0.72326	0.0273122
SRR4018964	116292216	14019098	0.120550613636944	0.872711	0.0392436
SRR4013322	116292216	14074274	0.121025073595639	0.895509	0.028031
SRR4003140	116292216	14117363	0.121395597105141	0.725229	0.0277213
SRR4018525	116292216	14148311	0.121661719817946	0.712805	0.0251495
SRR4014009	116292216	14403628	0.123857197802474	0.723169	0.0324088
GB67	116292216	14483507	0.124544079545272	0.95083	0.0213113
SRR4013323	116292216	14537044	0.12500444569738	0.726453	0.0261688
SRR4018566	116292216	14582480	0.125395151125162	0.72641	0.0183279
SRR4006697	116292216	14654741	0.12601652547407	0.715823	0.0229018
SRR4014012	116292216	14818685	0.127426284490099	0.717004	0.0270182
SRR4013614	116292216	14827262	0.127500038351664	0.71871	0.0312326
SRR4018463	116292216	14833794	0.127556207201349	0.718448	0.0256461
SRR4006670	116292216	14843204	0.127637124053084	0.714686	0.0312653
SRR4018561	116292216	14922739	0.128321047730314	0.727722	0.0338213
SRR4003189	116292216	14951925	0.12857201895611	0.747233	0.0338552
SRR4017355	116292216	14957385	0.128618969647977	0.723085	0.0327481
SRR4018457	116292216	15000291	0.128987919535388	0.722899	0.0315005
SRR4006040	116292216	15150026	0.1302754949652	0.723566	0.0240952
SRR4018963	116292216	15247344	0.131112335154057	0.731616	0.0341602
SRR4013629	116292216	15253499	0.131165262170256	0.556716	0.0358065
SRR3999446	116292216	15273875	0.131340475961005	0.736909	0.0350413
SRR4013892	116292216	15305070	0.13160872263368	0.518654	0.0403565
SRR4006726	116292216	15339177	0.131902009675351	0.730872	0.0420225
SRR4003159	116292216	15492747	0.133222562376832	0.994031	0.0373119
SRR4018553	116292216	15504016	0.133319464821274	0.723479	0.0303179
SRR4006721	116292216	15521797	0.133472364134845	0.521077	0.0348041
SRR4018441	116292216	15764916	0.135562951178091	0.722866	0.031396
SRR4018946	116292216	15777092	0.135667652940761	0.728378	0.038498
SRR4013624	116292216	15793626	0.135809829266647	0.730407	0.0320821
SRR4013897	116292216	16011570	0.137683935784662	0.732315	0.0334824
SRR4018596	116292216	16060306	0.138103018004232	0.737303	0.0415142
SRR4018584	116292216	16203957	0.13933827694882	0.742683	0.0358065
SRR4006738	116292216	16232858	0.139586797451688	0.730434	0.0392775
SRR4006723	116292216	16334674	0.140462316067655	0.531401	0.0359045
SRR4018589	116292216	16352805	0.140618225040961	0.727766	0.031592
SRR4006685	116292216	16381669	0.1408664273798	0.533999	0.0420903
SRR4006735	116292216	16458724	0.14152902546805	0.732534	0.0387141
SRR4013896	116292216	16562263	0.142419360208941	0.720329	0.0281935
SRR4006692	116292216	16611808	0.142845399042013	0.747014	0.043412
SRR4003086	116292216	16617232	0.142892040168879	0.735596	0.0358718
SRR4013330	116292216	16648250	0.143158764813631	0.5412	0.0469364
SRR4006706	116292216	16819418	0.144630643206593	0.731834	0.0359902
SRR4006718	116292216	16976329	0.145979925260002	0.733409	0.0402603
SRR4006665	116292216	16997071	0.146158286294931	0.727328	0.0383625
SRR4018460	116292216	17006130	0.146236184887903	0.729516	0.0375053
SRR4018563	116292216	17035226	0.146486382201196	0.733807	0.0353818
SRR4006724	116292216	17048049	0.146596647534862	0.735465	0.0424292
SRR4018530	116292216	17062181	0.146718168995937	0.581081	0.0412769
SRR4013620	116292216	17069977	0.146785207016779	0.730303	0.0411414
SRR4018954	116292216	17176257	0.14769911169291	0.993404	0.0505303
SRR4018960	116292216	17194019	0.147851847624952	0.733672	0.0511541
SRR4006727	116292216	17199028	0.147894920155275	0.747172	0.0338136
SRR4013324	116292216	17236804	0.148219757029998	0.727197	0.0365325
SRR4018455	116292216	17266494	0.148475062165812	0.990936	0.0288151
SRR4003147	116292216	17269833	0.148503774319684	0.603868	0.0419886
SRR4018592	116292216	17301979	0.148780198667811	0.610786	0.0330062
SRR4013619	116292216	17303073	0.14878960600424	0.739227	0.042133
SRR4018978	116292216	17326683	0.148992629050942	0.726978	0.0245679
SRR4013326	116292216	17360915	0.14928699097109	0.731616	0.0359698
SRR4018529	116292216	17415311	0.14975474368809	0.59451	0.0318045
SRR4018533	116292216	17419945	0.149794591582983	0.72641	0.0236205
SRR4018519	116292216	17459348	0.150133419075959	0.733934	0.0341941
SRR4014015	116292216	17554807	0.150954273672109	0.728335	0.0288477
SRR4006691	116292216	17576011	0.151136607457889	0.731222	0.0418178
SRR4006693	116292216	17610093	0.151429679523864	0.568678	0.0361822
SRR4006710	116292216	17625816	0.151564882038192	0.745571	0.0483937
SRR4006699	116292216	17637966	0.151669360226139	0.732009	0.0393114
SRR4018594	116292216	17654959	0.151815483505792	0.495255	0.0493646
SRR4006690	116292216	17664056	0.151893708861821	0.99381	0.0275082
SRR4018586	116292216	17707872	0.152270483864543	0.987035	0.0339569
SRR4017357	116292216	17778736	0.152879845371594	0.732427	0.0415783
SRR4018522	116292216	17792455	0.152997815434182	0.724004	0.0272967
SRR4006695	116292216	17825182	0.153279235817469	0.743865	0.0463264
SRR4018582	116292216	17900674	0.153928393625245	0.73634	0.0485292
SRR4018444	116292216	17931049	0.154189589095112	0.735509	0.0437847
SRR4018527	116292216	17937928	0.154248741807448	0.731572	0.0424631
SRR4018558	116292216	17946682	0.154324017696937	0.99591	0.044937
SRR4003095	116292216	17972632	0.154547162468724	0.731003	0.0366232
SRR4017356	116292216	17979178	0.154603451704799	0.734984	0.0463603
SRR4006673	116292216	18040185	0.155128052594681	0.56556	0.0368714
SRR4013893	116292216	18117278	0.155790977445988	0.728589	0.0417175
SRR4018583	116292216	18156719	0.156130131702022	0.732709	0.0409719
SRR4018562	116292216	18247062	0.156906993671872	0.737871	0.0464959
SRR4013889	116292216	18248866	0.15692250631805	0.737784	0.0320821
SRR4006701	116292216	18259052	0.157010096015369	0.897927	0.0362648
SRR4003080	116292216	18271920	0.157120748305286	0.727635	0.0420564
SRR4006725	116292216	18342636	0.15772883715622	0.738265	0.0493426
SRR4006662	116292216	18345510	0.157753550762159	0.732972	0.0517395
SRR4006674	116292216	18352232	0.157811353427129	0.986256	0.0463264
SRR4018590	116292216	18353955	0.157826169552053	0.743996	0.0447254
SRR4018945	116292216	18397558	0.158201112961851	0.776394	0.0565609
SRR4013616	116292216	18398952	0.158213100006625	0.731966	0.0337482
SRR4018982	116292216	18441932	0.158582686222094	0.895812	0.0307753
SRR4013875	116292216	18478976	0.158901228608456	0.995505	0.0304812
SRR4018538	116292216	18479357	0.158904504838054	0.726453	0.0352559
SRR4018591	116292216	18594722	0.15989653168188	0.742946	0.0391715
SRR4003153	116292216	18606328	0.159996331998695	0.82248	0.0330622
SRR4013621	116292216	18616623	0.160084858990046	0.718929	0.038126
SRR4018442	116292216	18653368	0.160400830267092	0.9972	0.0438186
SRR4003171	116292216	18708492	0.160874843076341	0.745439	0.0419269
SRR4018459	116292216	18731856	0.161075750762201	0.989793	0.0355124
SRR4006672	116292216	18794244	0.161612226909495	0.733934	0.0436831
SRR4014010	116292216	18932978	0.162805204434319	0.729078	0.0356104
SRR4006039	116292216	18935774	0.162829247316089	0.788582	0.0450725
SRR4013321	116292216	18977677	0.163189572378602	0.544592	0.0541209
SRR4013328	116292216	18977741	0.163190122716382	0.730172	0.0438106
SRR4013895	116292216	19025397	0.163599917985912	0.729691	0.0409042
SRR4006698	116292216	19059924	0.163896816619265	0.738746	0.0498848
SRR4018955	116292216	19121930	0.164430007937935	0.996868	0.0499554
SRR4006036	116292216	19231961	0.165376167567398	0.73809	0.0455131
SRR4006705	116292216	19284424	0.165827298363633	0.755992	0.0543243
SRR4013890	116292216	19294346	0.165912617917609	0.594832	0.0454453
SRR4013887	116292216	19357094	0.166452189714916	0.731878	0.0436473
SRR4013631	116292216	19423082	0.167019622362343	0.733803	0.0422425
SRR4018958	116292216	19461732	0.167351974787375	0.729691	0.0411753
SRR4006734	116292216	19475645	0.167471613061359	0.74019	0.0571032
SRR4018534	116292216	19561719	0.168211765781469	0.733715	0.0393348
SRR4013627	116292216	19571995	0.168300129391291	0.476391	0.0510031
A2D1	116292216	19622303	0.168732729282586	0.954781	0.0216824
SRR4018539	116292216	19658601	0.169044856794199	0.731441	0.0458185
SRR4013623	116292216	19715671	0.169535603311575	0.717617	0.0334425
SRR4006676	116292216	19875753	0.170912152882184	0.738221	0.0507998
SRR4018544	116292216	19893578	0.171065430552979	0.722079	0.0420225
SRR4018968	116292216	20041379	0.172336375462997	0.553744	0.0484614
SRR4006707	116292216	20064523	0.172535391362737	0.741109	0.0317227
SRR4018956	116292216	20117652	0.172992249111497	0.753804	0.0440866
SRR4006037	116292216	20118142	0.172996462635126	0.738265	0.031396
SRR4018453	116292216	20218635	0.173860604737294	0.72571	0.0459875
SRR4006709	116292216	20238471	0.174031175053023	0.979578	0.0563576
SRR4018581	116292216	20244589	0.174083783905193	0.748852	0.0598482
SRR4018548	116292216	20248139	0.174114310453934	0.733759	0.0380024
SRR4018531	116292216	20278027	0.174371318197256	0.493112	0.0386189
SRR4018526	116292216	20307199	0.174622169036662	0.726891	0.0399556
SRR4018961	116292216	20373187	0.175189601684089	0.748852	0.0638132
SRR4006711	116292216	20409325	0.175500353351251	0.737784	0.0421919
SRR4006696	116292216	20417954	0.175574554362263	0.763433	0.0543631
SRR4018593	116292216	20438790	0.175753723705807	0.598008	0.0503253
SRR4018974	116292216	20447775	0.175830985970721	0.755824	0.0307753
SRR4006733	116292216	20481091	0.17611747118139	0.737171	0.0540192
SRR4006737	116292216	20595897	0.177104691168668	0.743503	0.0498509
SRR4018957	116292216	20611306	0.177237193588262	0.772118	0.0587298
SRS705588	116292216	20721701	0.17818648326385	0.746358	0.064491
SRR4006671	116292216	20777383	0.17866529433062	0.993957	0.041295
SRR4013615	116292216	20812737	0.178969304359975	0.734153	0.0482242
SRR4018546	116292216	21064386	0.18113324111048	0.993146	0.0352559
SRR4018541	116292216	21066771	0.181153749791818	0.720723	0.0479531
SRR4018443	116292216	21080596	0.181272631351354	0.732359	0.0512403
SRR4006703	116292216	21160674	0.181961224300688	0.700153	0.0458494
SRR4006704	116292216	21160874	0.18196294410625	0.700153	0.0457934
SRR4018585	116292216	21185748	0.18217683632411	0.742246	0.0595771
SRR4006740	116292216	21198868	0.182289655569037	0.731353	0.0512303
SRR4018967	116292216	21288504	0.183060438026222	0.755487	0.0391388
SRR4006681	116292216	21291890	0.183089554334402	0.730653	0.0428305
SRR4018559	116292216	21339854	0.183501998104499	0.73914	0.0617799
SRR4018555	116292216	21354624	0.18362900574532	0.738965	0.065863
SRR4018595	116292216	21384771	0.183888240636845	0.757426	0.0553078
SRR4006680	116292216	21473591	0.184652006287334	0.59817	0.0530026
SRR4006728	116292216	21496587	0.184849749530957	0.736515	0.0579843
SRR4008910	116292216	21574812	0.185522408481751	0.993478	0.0433832
SRR4017354	116292216	21605622	0.185787344528717	0.750236	0.0449541
SRR4018981	116292216	21610938	0.185833056960579	0.728072	0.0370495
SRR4018554	116292216	21660155	0.186256275312528	0.745614	0.0545276
SRR4003068	116292216	21684815	0.186468327338435	0.733015	0.0352184
SRR4006675	116292216	21760794	0.187121672872757	0.605814	0.0598821
SRR4018977	116292216	21775983	0.187252283506232	0.732258	0.0206472
SRR4018454	116292216	21893748	0.188264948016813	0.722254	0.0426546
SRR3999444	116292216	21916751	0.188462751453631	0.738419	0.0541887
SRR4006042	116292216	21917617	0.188470198211719	0.73459	0.0464896
SRR4018560	116292216	22069073	0.1897725725684	0.736821	0.0517487
SRR4018565	116292216	22135207	0.190341260673887	0.889442	0.0735394
SRR4006663	116292216	22163345	0.190583220118533	0.728203	0.0382241
SRR4018537	116292216	22201786	0.190913775346752	0.762591	0.04417
SRR4006157	116292216	22251019	0.191337131283146	0.99462	0.0545485
SRR4018976	116292216	22259739	0.191412114805689	0.589235	0.0282814
SRR4006668	116292216	22269842	0.1914989907837	0.550456	0.0611699
SRR4018536	116292216	22294615	0.19171201449975	0.684038	0.0449085
SRR4006686	116292216	22306950	0.191818083507842	0.589179	0.0492826
SRR4006716	116292216	22335316	0.19206200353083	0.745221	0.0546631
SRR4018557	116292216	22344652	0.192142284054506	0.752133	0.0593577
SRR4014018	116292216	22406320	0.192672568901774	0.729559	0.0521215
SRR4013622	116292216	22416120	0.192756839374357	0.731266	0.0599824
SRR4018979	116292216	22437693	0.1929423462014	0.733978	0.0478514
SRR4018549	116292216	22474796	0.193261395930403	0.638816	0.0465221
SRR4006034	116292216	22543021	0.193848064603051	0.74264	0.0593737
SRR4018462	116292216	22595444	0.194298851438174	0.740759	0.0486987
SRR4018550	116292216	22655009	0.194811052529947	0.739009	0.0488092
SRR4018543	116292216	22707890	0.195265777719809	0.73704	0.0576454
SRR4006712	116292216	22726207	0.195423286112288	0.547392	0.0505303
SRR4006682	116292216	22837745	0.196382404476668	0.720317	0.0545615
SRR4018556	116292216	22956217	0.197401148499913	0.742683	0.0603417
SRR4013325	116292216	23006889	0.197836878437332	0.755195	0.0627288
SRR4013876	116292216	23163904	0.199187054789634	0.653405	0.0514098
SRR4018980	116292216	23376657	0.201016523754264	0.734328	0.0537811
SRR4018587	116292216	23590218	0.202852940733368	0.74907	0.0554426
SRR4014021	116292216	23592331	0.20287111047914	0.604822	0.0564254
SRR4014028	116292216	23596023	0.202902858089831	0.986621	0.0382266
SRR4006679	116292216	23625261	0.203154276465073	0.730916	0.0450087
SRR4014014	116292216	23790842	0.204578112089635	0.99322	0.047143
SRR4003183	116292216	23810096	0.204743677771176	0.994878	0.0590349
SRR4018975	116292216	23839277	0.204994606001832	0.726935	0.0315565
SRR4014030	116292216	23879059	0.205336692526351	0.760509	0.0469144
SRR4013617	116292216	23881379	0.205356642270881	0.74264	0.0666144
SRR4018528	116292216	23882331	0.20536482854536	0.74334	0.0498219
SRR4014017	116292216	23908117	0.205586563076586	0.742771	0.0498851
SRR4006683	116292216	23990403	0.206294142679335	0.734153	0.0589653
SRR4013327	116292216	24091379	0.207162438111937	0.737565	0.0614315
SRS705661	116292216	24178949	0.207915454977657	0.656219	0.0909261
SRR4018452	116292216	24180993	0.20793303139051	0.983501	0.0451208
SRR4006684	116292216	24254423	0.208564458002933	0.743252	0.0613755
SRR4018456	116292216	24303166	0.208983600415698	0.741677	0.050838
SRR4018969	116292216	24439439	0.21015541573307	0.735771	0.0417524
SRR4003178	116292216	24503321	0.210704738827919	0.99123	0.0691627
SRR1580590	116292216	24612387	0.211642600395542	0.665707	0.0708288
SRR4006038	116292216	24910180	0.214203330685521	0.744127	0.0654709
SRR4006659	116292216	24963924	0.214665476836386	0.745483	0.0622162
SRR4013630	116292216	25051610	0.215419491189333	0.760401	0.067236
SRR4006688	116292216	25086253	0.215717387309912	0.802246	0.0568296
SRR4013885	116292216	25168470	0.216424373579742	0.748502	0.069424
SRR4014023	116292216	25299017	0.217546950863848	0.752323	0.0641182
SRR4006660	116292216	25299776	0.217553477525959	0.726289	0.0648299
SRR4018540	116292216	25435723	0.218722489560264	0.749508	0.0567793
SRR4018445	116292216	25609183	0.220214076924977	0.737215	0.0341909
SRR4018535	116292216	25729936	0.221252435330667	0.766126	0.047531
SRR4018542	116292216	25812956	0.221966326619832	0.728203	0.0479794
SRR4013900	116292216	25839363	0.22219340114733	0.668156	0.0562253
SRS705639	116292216	25925178	0.222931326719236	0.67285	0.0988207
SRR4006035	116292216	25929171	0.2229656626373	0.758126	0.0627391
SRR4006667	116292216	26045821	0.223968739231867	0.772152	0.0588654
SRR4018972	116292216	26163451	0.224980242873693	0.699058	0.0493319
SRR4014037	116292216	26325151	0.226370705671306	0.737653	0.0512303
SRR4014016	116292216	26438851	0.227348415133821	0.742377	0.0522722
SRR4018461	116292216	26662512	0.229271682293852	0.728641	0.039852
SRR4006689	116292216	26667350	0.229313284390419	0.743383	0.0755007
SRR5512452	116292216	26693028	0.229534090226641	0.905565	0.0928625
SRR4014025	116292216	26731120	0.229861644394153	0.815343	0.0526876
SRR4013850	116292216	26766248	0.230163711043222	0.778986	0.073641
SRR4018552	116292216	27609742	0.237416939410631	0.769412	0.0840276
SRR4013632	116292216	27662211	0.237868121801033	0.747233	0.0502214
SRR4018547	116292216	27672761	0.237958841544476	0.629961	0.0413093
SRR1580589	116292216	28156916	0.242122103856031	0.651771	0.0832994
SRR4006678	116292216	28593528	0.245876542588199	0.751083	0.0887556
SRR4006677	116292216	28593641	0.245877514278342	0.751083	0.0887556
SRS705674	116292216	28935828	0.24881998980912	0.989815	0.10089
SRR4014027	116292216	29017790	0.249524783326857	0.780366	0.0542324
SRR4014024	116292216	29180024	0.250919838005323	0.99311	0.0473628
SRR4014022	116292216	29209165	0.251170422274867	0.749595	0.0598061
SRR4018983	116292216	29950142	0.257542104107811	0.751826	0.0479233
SRR1580591	116292216	29992004	0.257902076610183	0.809049	0.0946184
SRS705609	116292216	30083719	0.258690736446195	0.976418	0.0835367
SRS705663	116292216	30579671	0.262955441488878	0.987106	0.109787
SRR4018564	116292216	30719864	0.264160964995284	0.997494	0.082198
SRR4014026	116292216	31152335	0.267879795153271	0.786493	0.0731461
SRS705636	116292216	31733512	0.27287735234145	0.995062	0.149273
SRR4018551	116292216	32042306	0.275532680536417	0.75817	0.0841256
SRR4018579	116292216	32062790	0.27570882302217	0.77125	0.101057
SRS705662	116292216	32637879	0.280654029329014	0.987407	0.11378
SRS705630	116292216	33327348	0.286582792437286	0.990162	0.143365
SRS705592	116292216	34196762	0.294058907605647	0.796317	0.116443
SRS705698	116292216	34469574	0.296404825581791	0.990367	0.121592
SRS705681	116292216	34567889	0.297250239001379	0.990969	0.108996
SRS705649	116292216	35653805	0.306588060889647	0.976268	0.137321
SRS705577	116292216	36940498	0.317652369785438	0.787655	0.111868
SRS705631	116292216	37434335	0.321898887884293	0.768971	0.107614
SRS705578	116292216	37513373	0.3225785378447	0.784636	0.132134
SRS705646	116292216	37872410	0.325665906994153	0.992223	0.156069
SRR1580604	116292216	38011290	0.326860139977039	0.817875	0.117053
SRS705632	116292216	38110905	0.327716732132785	0.936305	0.167638
SRS705582	116292216	38329517	0.32959658280138	0.744519	0.125729
SRR1580588	116292216	38426364	0.330429372848136	0.796448	0.129649
SRS705580	116292216	38477094	0.330865601529169	0.793648	0.129321
SRS705556	116292216	39360431	0.338461440961792	0.77656	0.138606
SRS705664	116292216	39895956	0.343066435332181	0.993026	0.178243
SRS705618	116292216	40081918	0.344665527742631	0.996426	0.173713
SRR1580602	116292216	40374958	0.347185386853407	0.839651	0.150152
SRR1580643	116292216	40416229	0.347540277330342	0.809965	0.143995
SRR1580598	116292216	41241275	0.354634870832627	0.793561	0.137183
SRR1580623	116292216	41342433	0.355504731288292	0.792642	0.139386
SRR1580644	116292216	41617380	0.35786900818882	0.743676	0.150773
SRS705620	116292216	41796499	0.359409257451935	0.996979	0.185278
SRR1580655	116292216	42361138	0.364264603918116	0.833282	0.17558
SRS705628	116292216	42819728	0.368208032083592	0.995136	0.176632
SRR1580642	116292216	43729930	0.376034884398454	0.846543	0.193507
SRR1580599	116292216	43731254	0.37604626951128	0.821383	0.168124
SRS705672	116292216	44480695	0.382490733515646	0.989915	0.189252
SRR1580648	116292216	45415050	0.390525278149313	0.807866	0.158567
SRS705589	116292216	45581187	0.391953894833339	0.997089	0.167514
SRR1580593	116292216	45694379	0.392927235989724	0.798482	0.17436
SRR1580767	116292216	45841548	0.394192746314164	0.99132	0.192358
SRS705591	116292216	45921066	0.394876523807922	0.935463	0.172597
SRS705633	116292216	46940054	0.403638829962618	0.849703	0.150533
SRR1580665	116292216	47275032	0.406519315101881	0.981837	0.148604
SRS705642	116292216	48607648	0.417978517151999	0.990367	0.213675
SRS705623	116292216	48683596	0.418631596116459	0.998968	0.178494
SRR1580748	116292216	49945857	0.429485813564684	0.993578	0.217945
SRS705594	116292216	50722167	0.4361613248474	0.793423	0.192694
SRS705691	116292216	52256517	0.449355243174659	0.871507	0.192761
SRR1580695	116292216	55539719	0.477587588493455	0.997089	0.170562
SRR1580649	116292216	56644678	0.487089161668396	0.954936	0.233624
SRR1580711	116292216	56663319	0.487249456145887	0.994029	0.2437
SRR1580596	116292216	56840031	0.488769007549052	0.844	0.22682
SRR1580646	116292216	57474948	0.494228676491985	0.924724	0.288667
SRR1580650	116292216	58189567	0.500373705149793	0.843563	0.267928
SRS705581	116292216	58854798	0.506094045021895	0.992137	0.254276
SRR1580726	116292216	59895552	0.515043517616003	0.992273	0.296698
SRS705693	116292216	60246217	0.518058895704593	0.995535	0.225736
SRR1580626	116292216	61256278	0.526744438337988	0.852225	0.255121
SRS705670	116292216	61264326	0.52681364331384	0.995033	0.268682
SRR1580632	116292216	61296324	0.52708879500585	0.892005	0.172132
SRS705685	116292216	62334318	0.536014534283189	0.996739	0.30192
SRS705692	116292216	62440662	0.5369289892971	0.996939	0.242857
SRR1580661	116292216	62783465	0.539876761829012	0.999153	0.242849
SRS705658	116292216	63051408	0.542180811138727	0.990367	0.271105
SRR1580676	116292216	63313561	0.544435072077395	0.954518	0.351624
SRR5512332	116292216	63412756	0.54528805264146	0.972175	0.319608
SRS705564	116292216	63759626	0.548270797419494	0.835076	0.281879
SRR1580672	116292216	63769312	0.548354087602905	0.9986	0.338792
SRR1580660	116292216	63930938	0.54974391407246	0.988527	0.24146
SRR1580654	116292216	64086214	0.551079136715393	0.998968	0.262437
SRS705656	116292216	64187432	0.551949513112726	0.993377	0.322556
SRR1580600	116292216	64307412	0.552981224469916	0.885472	0.213492
SRR5512299	116292216	64326926	0.55314902589869	1	0.343534
SRR1580666	116292216	64529468	0.554890690190305	0.997163	0.241562
SRR1580673	116292216	64676417	0.556154308728625	0.998084	0.259963
SRR1580747	116292216	64857951	0.557715324643912	0.996689	0.222171
SRR1580597	116292216	65022617	0.559131292158024	0.901427	0.271087
SRR1580678	116292216	65207951	0.560724984379006	0.893179	0.313779
SRS705634	116292216	65389007	0.562281889958998	0.845254	0.321268
SRR1580664	116292216	65430379	0.562637648937741	0.996721	0.263158
SRS705683	116292216	66031294	0.567804933736924	0.996438	0.277177
SRR1580663	116292216	66643656	0.573070651607499	0.873432	0.310811
SRR1580662	116292216	66662422	0.573232020963467	0.895447	0.313439
SRR1580659	116292216	66797922	0.574397189232339	0.912874	0.286746
SRS705643	116292216	67057781	0.576631724001201	0.996086	0.315523
SRR1580677	116292216	67205057	0.577898154421617	0.9972	0.277281
SRR5512369	116292216	67274241	0.578493069561939	0.986509	0.353192
SRS705694	116292216	67563352	0.580979143092432	0.998846	0.279719
SRR1580683	116292216	67614481	0.581418802785562	0.998342	0.274536
SRS705675	116292216	67702078	0.582172051825034	0.99719	0.337098
SRR5512316	116292216	67708762	0.582229527726946	0.990725	0.38742
SRS705648	116292216	67912296	0.583979722254153	0.99724	0.341074
SRR1580727	116292216	67924071	0.58408097580667	0.978085	0.367019
SRS705696	116292216	68090648	0.585513376062934	0.986754	0.424538
SRR1580607	116292216	68173818	0.586228557206271	0.884486	0.293868
SRS705679	116292216	68698024	0.590736219180826	0.994882	0.27983
SRR1580624	116292216	68716665	0.590896513658317	0.888702	0.293247
SRR1580653	116292216	68744236	0.591133597454192	0.988025	0.351488
SRS705593	116292216	68863359	0.592157939444545	0.899563	0.30995
SRR1580679	116292216	68882257	0.592320443872185	0.96828	0.315474
SRR1580733	116292216	68905028	0.59251625233455	0.998043	0.279989
SRS705645	116292216	70717471	0.608101500103842	0.99714	0.298649
SRR1580622	116292216	71392971	0.613910143392572	0.927081	0.325598
SRS705684	116292216	71501158	0.614840446414745	0.981035	0.328652
SRS705671	116292216	71646249	0.616088087959387	0.988811	0.365473
SRR1580795	116292216	72237116	0.621168969727088	0.998545	0.298758
SRR1580603	116292216	72389176	0.622476537896569	0.890388	0.339443
SAMN04998807	116292216	73542071	0.632390314068828	0.99849	0.0444451
SRR5512421	116292216	73671801	0.63350586594721	0.968803	0.368578
SRR1580769	116292216	73905937	0.635519207923598	0.996438	0.312287
SRR1580724	116292216	74393488	0.639711672533611	0.995484	0.392971
SRR1580581	116292216	75108650	0.645861370463523	0.962521	0.358348
SRR1580601	116292216	75243154	0.647017974100691	0.938449	0.322411
SRS705688	116292216	75363824	0.648055618787073	0.997843	0.391126
SRS705695	116292216	75609965	0.650172192092375	0.997642	0.387298
SRS705669	116292216	75837129	0.65212558164684	0.998695	0.388281
SRS705667	116292216	76142487	0.654751363582237	0.995685	0.396943
SRR5512505	116292216	76224873	0.655459803087766	0.991568	0.412431
SRR1580608	116292216	76703505	0.659575572968702	0.915532	0.40223
SRR1580625	116292216	77445902	0.665959465421142	0.89629	0.357248
F1_1	116292216	77597297	0.667261315237126	0.999658	0.313582
SRR1580725	116292216	78845743	0.677996737116094	0.994933	0.289792
SRS705638	116292216	79215024	0.68117219470648	0.995819	0.376508
SRR1580705	116292216	79453748	0.683224989022481	0.99699	0.347529
SRR1580808	116292216	79543055	0.683992942399515	0.996237	0.395733
SRS705647	116292216	80610784	0.69317437376892	0.996287	0.445719
SRR5512377	116292216	81842701	0.703767662317141	0.993255	0.45286
SRR5512298	116292216	82819423	0.712166521962227	0.993255	0.492646
SRR5512519	116292216	83292003	0.716230250526828	0.99747	0.468043
SRR5512297	116292216	83679626	0.719563431485388	0.977234	0.471872
SRR5512455	116292216	83839323	0.720936670430289	0.998314	0.475769
SRS705654	116292216	83900738	0.72146477972352	0.997792	0.392415
SRS705579	116292216	85032447	0.7311963768925	0.938318	0.455683
SRR5512353	116292216	85350032	0.733927299140985	0.989039	0.47499
SRS705659	116292216	85355940	0.733978102197313	0.995986	0.48471
SRR1580706	116292216	85657844	0.736574183090638	0.998746	0.486836
SRR5512356	116292216	87239436	0.750174336689912	0.990725	0.496204
SRR5512352	116292216	87825903	0.75521738273523	0.995784	0.545208
SRR1580647	116292216	87832783	0.755276544046594	0.951741	0.526381
SRS705687	116292216	87960691	0.756376428496298	0.99719	0.47279
SRS705574	116292216	88240129	0.758779323630741	0.952153	0.459342
SRR1580645	116292216	88612712	0.76198317521097	1	0.178415
SRS705680	116292216	89288940	0.76779807859195	0.999599	0.500626
SRR5512325	116292216	89346406	0.768292230324341	0.992411	0.544429
SRR5512386	116292216	89817342	0.772341822087215	1	0.530106
SRR5512327	116292216	90061858	0.774444421972318	0.999157	0.542734
SRR1580592	116292216	90473716	0.777986000369965	0.999157	0.563068
SRR5512342	116292216	90529530	0.778465946508406	0.996682	0.573711
SRS705673	116292216	91234525	0.784528218122527	0.996889	0.499007
SRS705668	116292216	92395641	0.794512686902449	0.962057	0.459485
SRR5512278	116292216	92759078	0.797637891774287	0.998314	0.561828
SRR5512289	116292216	92986825	0.799596294561968	0.997557	0.589704
ISU1009	116292216	93080196	0.800399194388041	0.99292	0.528795
SRR1580738	116292216	94006221	0.808362109120012	0.998344	0.527361
SRR5512406	116292216	94707634	0.814393579016501	1	0.569676
SRR5512280	116292216	94954917	0.816519972411567	0.989039	0.578114
SRR5512367	116292216	95323154	0.819686452616915	0.999157	0.58705
AD3-14	116292216	95323406	0.819688619571924	0.996234	0.546143
SRR5512397	116292216	96512427	0.829913044223011	0.988196	0.59855
SRR5512385	116292216	96547479	0.830214457345967	1	0.585351
SRR5512368	116292216	96635771	0.83097368270977	1	0.603875
SRR1580651	116292216	96767303	0.832104730036273	0.971332	0.567251
SRS705686	116292216	96845362	0.83277596154845	0.997792	0.623787
SRR5512494	116292216	97185224	0.835698444339559	0.995784	0.573067
SRR1580667	116292216	97250442	0.836259255735569	0.981761	0.659751
SRR5512462	116292216	98010407	0.842794215908655	0.993255	0.612892
SRR5512345	116292216	98098973	0.843555797406079	1	0.603483
SRR5512470	116292216	98502398	0.847024860202165	0.995609	0.632744
SRR5512516	116292216	98720158	0.848897384499062	0.999157	0.60773
SRR5512504	116292216	98873739	0.850218031789849	0.998314	0.625668
SRR5512399	116292216	98996211	0.851271171924353	0.994798	0.632102
SRR5512475	116292216	99032391	0.851582284750684	1	0.669208
SRR5512466	116292216	99389653	0.854654390625766	0.998778	0.65961
SRR5512360	116292216	99712244	0.857428359607491	0.994941	0.601849
SRR5512410	116292216	99726117	0.857547653920362	0.995023	0.626352
SRR5512454	116292216	100384446	0.863208643302489	0.995784	0.614819
SRR5512525	116292216	100486518	0.864086363269576	0.999157	0.647881
SRR5512379	116292216	100496674	0.864173694996061	1	0.648763
SRR5512473	116292216	100622578	0.865256346994024	0.998314	0.616877
SRR5512391	116292216	100691570	0.865849611121006	1	0.64552
SRR5512383	116292216	100817068	0.866928771913676	0.994941	0.631285
SRR5512312	116292216	100856427	0.867267221049429	0.987352	0.677088
SRR5512517	116292216	101067181	0.869079500557458	0.998314	0.626646
SRS705682	116292216	101307250	0.87114386056587	0.999097	0.54967
SRR5512514	116292216	101379995	0.871769396844239	1	0.63011
SRR5512482	116292216	101793784	0.875327579964595	1	0.618022
SRR1580652	116292216	102141984	0.878321761449623	1	0.645561
SRR5512407	116292216	102174532	0.878601642606931	0.995784	0.667175
SRR5512288	116292216	102290362	0.87959766799869	1	0.722651
SRR5512413	116292216	102335402	0.879984968211458	1	0.710485
SRR5512271	116292216	102353295	0.880138830616144	0.998049	0.678983
SRR5512428	116292216	102537284	0.881720957144716	0.999157	0.638766
SRR5512501	116292216	102582500	0.882109770786378	0.9987	0.666863
SRR5512285	116292216	102587250	0.882150616168497	1	0.701843
SRR5512277	116292216	102681887	0.882964402363783	0.998778	0.630655
SRS705689	116292216	102914465	0.884964347054836	0.997441	0.606646
SRR5512304	116292216	103263616	0.887966706215315	1	0.650234
SRR5512500	116292216	103319659	0.888448621531126	0.994941	0.65716
SRR5512328	116292216	103336460	0.888593093797439	0.994098	0.694386
SRR5512318	116292216	103340001	0.88862354295493	0.998314	0.681858
SRR5512337	116292216	103403348	0.889168265569898	1	0.64089
SRR5512420	116292216	103443004	0.889509268616912	1	0.634813
SRR5512468	116292216	103498380	0.889985448381171	0.998314	0.677317
SRR5512418	116292216	103531401	0.890269396878635	1	0.722808
SRR5512320	116292216	103594855	0.89081503958958	1	0.660655
SRR5512347	116292216	103616431	0.891000572213707	0.995784	0.628508
SRR5512286	116292216	103896384	0.893407895847474	1	0.679127
SRR5512284	116292216	104002058	0.89431658951275	1	0.68359
SRR1580768	116292216	104128597	0.895404701893375	0.998344	0.693394
SRR5512371	116292216	104310186	0.896966190755192	0.999157	0.719466
SRR5512329	116292216	104492283	0.898532047923139	1	0.675716
SRR5512398	116292216	104500164	0.898599816861345	0.994941	0.685452
SRR5512331	116292216	104510007	0.898684457092124	0.998314	0.657584
SRR5512509	116292216	104522235	0.89878960600424	0.999157	0.67124
SRR1580582	116292216	104536705	0.898914033936717	0.995784	0.691768
SRR5512508	116292216	104542070	0.898960167720942	0.998167	0.666993
SRR5512523	116292216	104748513	0.900735376820062	1	0.674083
SRR5512315	116292216	104771506	0.900933094266602	1	0.672351
SRR5512401	116292216	104992623	0.902834485499872	1	0.664086
SRR5512411	116292216	105117787	0.903910774217253	1	0.669084
SRR5512363	116292216	105238753	0.904950964215868	1	0.722141
SRR5512472	116292216	105338822	0.905811460330243	1	0.720313
SRR5512330	116292216	105587645	0.907951096228143	0.995644	0.686334
SRR5512526	116292216	105979516	0.91132080585686	1	0.741324
SRR5512414	116292216	105990754	0.91141744173144	1	0.738037
SRR5512529	116292216	106030575	0.911759863618043	0.994798	0.675357
SRR5512433	116292216	106303358	0.91410553222238	1	0.685027
SRR5512486	116292216	106430347	0.915197514165523	0.996627	0.682348
SRR5512273	116292216	106508840	0.91587247765577	1	0.795344
SRR5512435	116292216	106529840	0.916053057239876	0.99747	0.754643
SRR5512294	116292216	106867619	0.918957628256048	0.999157	0.756202
SRR5512370	116292216	106918217	0.919392721865408	1	0.714953
SRR5512507	116292216	107007652	0.920161775918003	1	0.743637
SRR5512422	116292216	107225838	0.922037963400749	0.998829	0.717959
SRR5512341	116292216	107255946	0.92229686293019	0.9987	0.687674
SRR5512480	116292216	107280361	0.922506808194282	1	0.761671
SRR5512395	116292216	107306815	0.922734286876088	1	0.698226
SRR5512458	116292216	107452932	0.923990751023267	0.995724	0.736058
SRR5512324	116292216	107545868	0.92478991027224	1	0.771987
SRR5512366	116292216	107560662	0.924917124289729	0.998314	0.698585
SRR5512499	116292216	107791388	0.926901143581269	0.997557	0.792836
SRR5512409	116292216	107978993	0.928514364194419	0.998314	0.723219
SRR5512425	116292216	107984225	0.928559354307944	1	0.704499
SRR5512290	116292216	108094523	0.929507809877834	1	0.567737
SRR5512405	116292216	108178783	0.930232363961488	1	0.788803
SRR5512427	116292216	108347541	0.931683518697417	1	0.725767
SRR5512321	116292216	108366337	0.931845146024219	0.998049	0.743703
SRR5512423	116292216	108497748	0.932975152868357	1	0.720638
SRR5512291	116292216	108507495	0.933058967592466	1	0.786126
SRR5512432	116292216	108507678	0.933060541214556	1	0.696266
SRR5512438	116292216	108522425	0.933187351077737	0.999157	0.7537
SRR5512372	116292216	108528695	0.933241266982134	1	0.728185
SRR5512440	116292216	108619401	0.934021250399081	1	0.798902
SRR5512393	116292216	108760348	0.935233257572459	1	0.722467
SRR5512283	116292216	108796080	0.935540518034328	0.997705	0.756019
SRR5512416	116292216	108807180	0.93563596724307	1	0.786076
SRR5512471	116292216	108907870	0.936501803353717	0.998314	0.706949
SRR5512403	116292216	109027766	0.937532792392571	1	0.725016
SRR5512381	116292216	109079339	0.937976270054051	1	0.728054
SRR5512531	116292216	109240124	0.939358864741214	1	0.789408
SRR5512351	116292216	109283000	0.93972755665779	1	0.76582
SRR5512479	116292216	109486563	0.941478000556804	1	0.747035
SRR5512357	116292216	109490063	0.941508097154155	0.998314	0.745565
SRR5512484	116292216	109564259	0.942146110621884	0.99747	0.737463
SRR5512387	116292216	109876918	0.944834674059354	1	0.78894
SRR1580730	116292216	109889799	0.944945438136633	1	0.672289
SRR5512463	116292216	109937878	0.945358870794929	0.999157	0.732301
SRR5512476	116292216	109963727	0.945581147064908	1	0.780032
SRR5512281	116292216	109972887	0.945659914159689	1	0.72367
SRR5512390	116292216	110023431	0.946094543421548	1	0.743633
SRR5512340	116292216	110119150	0.946917633764929	1	0.800712
SRR5512350	116292216	110221863	0.947800865708845	1	0.80681
SRR5512373	116292216	110253501	0.948072921750842	0.999235	0.750528
SRR5512301	116292216	110426116	0.949557242937051	1	0.751446
SRR5512502	116292216	110513463	0.950308342219569	1	0.821201
SRR5512364	116292216	110545794	0.950586357387841	1	0.755627
SRR5512485	116292216	110552187	0.950641330972659	0.999415	0.755431
SRR5512515	116292216	110660252	0.951570584913439	1	0.688948
SRR5512268	116292216	110688203	0.951810936339884	1	0.749121
SRR5512339	116292216	110694833	0.951867947894294	1	0.736457
SRR5512424	116292216	110757405	0.952406006262706	0.998778	0.746578
SRR5512490	116292216	110769749	0.952512152662049	1	0.759156
SRR5512469	116292216	110889347	0.953540579190614	1	0.751576
SRR5512365	116292216	110979815	0.954318516038941	1	0.784802
SRR5512295	116292216	111068182	0.95507838632983	0.999415	0.783691
SRR5512265	116292216	111069629	0.955090829123077	1	0.756437
SRR5512528	116292216	111124477	0.95556246860065	1	0.766997
SRR5512460	116292216	111133482	0.95563990284612	1	0.743774
SRR5512354	116292216	111263277	0.95675601366131	1	0.786076
SRR5512489	116292216	111326207	0.95729715048168	1	0.776602
SRR5512292	116292216	111493392	0.958734778946856	1	0.876915
SRR5512335	116292216	111563266	0.95933562741637	1	0.752216
SRR5512530	116292216	111645273	0.960040807890358	1	0.781894
SRR5512389	116292216	111786487	0.961255111004162	1	0.794709
SRR5512275	116292216	111934105	0.962524482292091	1	0.788069
SRR5512343	116292216	112007991	0.963159830061197	1	0.781273
SRR5512481	116292216	112017128	0.963238399378338	1	0.811876
SRR5512388	116292216	112089894	0.963864116236292	1	0.789506
SRR5512313	116292216	112116677	0.964094423998249	1	0.777778
SRR5512511	116292216	112177292	0.964615654069229	1	0.76094
SRR5512309	116292216	112181364	0.964650669310489	1	0.785978
SRR5512498	116292216	112184093	0.964674136057395	1	0.867049
SRR5512459	116292216	112257860	0.965308460542191	1	0.801323
SRR5512287	116292216	112350069	0.966101368297943	1	0.818489
SRR5512439	116292216	112385697	0.96640773446092	1	0.835147
SRR5512378	116292216	112399414	0.966525687325453	1	0.817785
SRR5512361	116292216	112446645	0.966931828008162	1	0.81806
SRR5512493	116292216	112463839	0.967079679692405	1	0.795354
SRR5512496	116292216	112485291	0.967264146037083	1	0.796204
SRR5512503	116292216	112552410	0.967841304184968	1	0.883656
SRR5512362	116292216	112562136	0.967924938329492	1	0.804045
SRR5512431	116292216	112779993	0.969798296732087	1	0.753342
SRR5512375	116292216	112787823	0.969865627119875	1	0.816884
SRR5512434	116292216	112813850	0.970089434016805	1	0.742648
SRR5512276	116292216	112856304	0.970454497143644	1	0.804273
SRR5512293	116292216	112931057	0.971097300269865	1	0.827828
SRR5512444	116292216	112933249	0.971116149338835	1	0.827861
SRR5512270	116292216	112965797	0.971396030496143	1	0.824463
SRR5512532	116292216	112975064	0.9714757176869	1	0.752357
SRR5512506	116292216	112977948	0.971500517283117	1	0.89353
SRR5512400	116292216	112995006	0.971647199499578	1	0.886705
SRR5512376	116292216	112996531	0.971660313016995	1	0.757985
SRR5512492	116292216	113018149	0.97184620680029	1	0.808684
SRR5512404	116292216	113083130	0.972404980226708	1	0.804829
SRR5512296	116292216	113096925	0.972523603815409	1	0.803433
SRR5512527	116292216	113099092	0.972542237908683	1	0.819302
SRR5512497	116292216	113313972	0.974389997005475	1	0.898216
SRR5512456	116292216	113334494	0.974566466254285	1	0.81378
SRR5512488	116292216	113382321	0.974977731957571	1	0.821
SRR5512346	116292216	113430220	0.975389616790861	1	0.836486
SRR5512441	116292216	113472674	0.9757546799177	1	0.895941
SRR5512266	116292216	113556303	0.976473808014803	1	0.853458
SRR5512491	116292216	113565270	0.976550915497216	1	0.819596
SRR5512524	116292216	113612382	0.976956032895615	1	0.794709
SRR5512467	116292216	113628993	0.977098871346643	1	0.904814
SRR5512305	116292216	113660902	0.977373257725177	1	0.764458
SRR5512426	116292216	113719312	0.977875526939825	1	0.829201
SRR5512510	116292216	113775681	0.978360245538704	1	0.906133
SRR5512319	116292216	113785588	0.978445436107263	1	0.834036
SRR5512334	116292216	113809445	0.978650583113835	1	0.854095
SRR5512430	116292216	113851399	0.979011346726766	1	0.8999
SRR5512374	116292216	113865183	0.979129875726162	1	0.900062
SRR5512282	116292216	113866630	0.97914231851941	1	0.841779
SRS705637	116292216	113959413	0.979940162117127	1	0.881614
SRR5512415	116292216	114001206	0.980299541286581	1	0.849783
SRR5512306	116292216	114087336	0.981040175552249	1	0.844458
SRR5512303	116292216	114163861	0.981698216155757	1	0.775151
SRR5512358	116292216	114173593	0.981781901894448	1	0.921012
SRR5512478	116292216	114203348	0.98203776596707	1	0.823695
SRR5512355	116292216	114221484	0.982193717935515	1	0.857232
SRR5512384	116292216	114256916	0.98249839868904	1	0.808217
SRR5512380	116292216	114258246	0.982509835396034	1	0.868241
SRR5512429	116292216	114297175	0.982844586949826	1	0.86406
SRR5512348	116292216	114314344	0.982992223658375	1	0.809624
SRR5512495	116292216	114375799	0.983520676912718	1	0.912367
SRR5512307	116292216	114398085	0.983712314846593	1	0.867849
SRR5512457	116292216	114401813	0.983744372022286	1	0.84058
SRR5512419	116292216	114421899	0.983917092094969	1	0.850959
SRR5512336	116292216	114489341	0.984497027728838	1	0.80878
SRR5512274	116292216	114521300	0.984771844058763	1	0.816978
SRR5512464	116292216	114530416	0.984850232796321	1	0.794569
SRR5512465	116292216	114539727	0.984930298344302	1	0.8785
SRR5512302	116292216	114547244	0.984994937236384	1	0.92924
SRR5512461	116292216	114548901	0.985009185825473	1	0.87373
SRR5512326	116292216	114599497	0.985444262236778	1	0.8047
SRR5512382	116292216	114606693	0.985506140840931	1	0.891515
SRR5512392	116292216	114707930	0.986376680619793	1	0.791051
SRR5512412	116292216	114735752	0.98661592277165	1	0.878761
SRR5512333	116292216	114743103	0.986679134225114	1	0.861601
SRR5512521	116292216	114765170	0.986868888971898	1	0.935026
SRR5512344	116292216	114766812	0.98688300857557	1	0.798368
SRR5512518	116292216	114786941	0.987056098406449	1	0.882355
SRR5512417	116292216	114800908	0.987176201027935	1	0.932432
SRR5512522	116292216	114801016	0.987177129722939	1	0.789644
SRR5512477	116292216	114845463	0.987559330712212	1	0.862108
SRR5512349	116292216	114858068	0.987667721457815	1	0.874579
SRR5512483	116292216	114900074	0.988028932220193	1	0.800478
SRR5512359	116292216	114951839	0.988474060895013	1	0.850711
SRR5512402	116292216	115015213	0.989019015683732	1	0.915515
SRR5512310	116292216	115024361	0.98909767959018	1	0.890457
SRR5512272	116292216	115119680	0.989917330322435	1	0.846208
SRR5512311	116292216	115145141	0.990136270169622	1	0.898331
SRR5512322	116292216	115149760	0.990175989079097	1	0.939621
SRS705699	116292216	115156867	0.990237102369775	1	0.920515
SRR5512487	116292216	115160025	0.990264258099613	1	0.909566
SRR5512394	116292216	115173873	0.990383337436789	1	0.805685
SRR5512436	116292216	115201571	0.990621513309197	1	0.951542
SRR5512437	116292216	115252607	0.99106037329274	1	0.946082
SRR5512533	116292216	115253638	0.991069238890417	1	0.944717
SRR5512300	116292216	115326726	0.991697724635327	1	0.919762
SRR5512408	116292216	115339088	0.991804025817171	1	0.933988
SRR5512338	116292216	115417421	0.992477613462968	1	0.877023
SRR5512308	116292216	115565809	0.993753606002314	1	0.964737
SRR5512396	116292216	115664978	0.994606362991655	1	0.859012
SRR5512269	116292216	115693670	0.994853086297711	1	0.966994
SRR5512314	116292216	115807246	0.995829729480776	1	0.9639
SRR5512317	116292216	115811201	0.995863738635783	1	0.89285
SRR5512323	116292216	115862408	0.996304069053083	1	0.966015
SRR5512474	116292216	115929592	0.996881786137776	1	0.879274
SRR5512512	116292216	115949977	0.997057077319775	1	0.862811
SRR5512520	116292216	115966362	0.997197972390517	1	0.966774
SRR5512267	116292216	116004477	0.997525724335668	1	0.965386
SRR5512513	116292216	116168166	0.998933290599605	1	0.982031
SRR5512279	116292216	116292214	0.999999982801944	1	0.99992
